Flat profile:

Each sample counts as 0.01 seconds.
  %   cumulative   self              self     total           
 time   seconds   seconds    calls  ms/call  ms/call  name    
 41.92     22.87    22.87 641275020     0.00     0.00  spin_61
 35.89     42.45    19.58 229486980     0.00     0.00  spin_102
 11.79     48.88     6.43 213758340     0.00     0.00  spin_99
  2.46     50.22     1.34 15728640     0.00     0.00  spin_141
  1.56     51.07     0.85 15728640     0.00     0.00  WL_FID____DDA_FRAME_SEQ
  1.15     51.70     0.63 15728640     0.00     0.00  spin_181
  1.12     52.31     0.61 14503463     0.00     0.00  term_drop
  0.73     52.71     0.40  5242860     0.00     0.00  WL_FID____DDA_FRAME_SEQ_K428
  0.64     53.06     0.35       60     5.83     5.83  window_sq
  0.53     53.35     0.29  5242860     0.00     0.00  WL_FID____DDA_FRAME_SEQ_K429
  0.42     53.58     0.23  5242860     0.00     0.00  WL_FID____DDA_FRAME_SEQ_K430
  0.35     53.77     0.19 47185920     0.00     0.00  spin_182
  0.33     53.95     0.18 15728640     0.00     0.00  WL_FID____RENDER_PIXEL_PRESENT
  0.24     54.08     0.13  5242860     0.00     0.00  WL_FID____DDA_FRAME_SEQ_K431
  0.16     54.17     0.09  7910076     0.00     0.00  spin_161
  0.16     54.26     0.09  3961140     0.00     0.00  WL_FID____DDA_TREE_PAINT
  0.15     54.34     0.08  3483390     0.00     0.00  span_fade
  0.09     54.39     0.05                             _init
  0.05     54.42     0.03  3955038     0.00     0.00  WL_FID____DDA_TREE_PAINT_K516
  0.05     54.45     0.03  3879822     0.00     0.00  rfc_wrap
  0.04     54.47     0.02  3955038     0.00     0.00  spin_218
  0.04     54.49     0.02  1003500     0.00     0.00  WL_FID_IMAGE_FREE
  0.02     54.50     0.01  3955038     0.00     0.00  WL_FID____DDA_TREE_PAINT_K517
  0.02     54.51     0.01  1075200     0.00     0.01  monk_step
  0.02     54.52     0.01   307200     0.00     0.00  WL_FID_IMAGE_FREE_K69
  0.02     54.53     0.01   102657     0.00     0.00  WL_FID_ENTER
  0.02     54.54     0.01    82425     0.00     0.00  WL_FID_EXIT
  0.02     54.55     0.01      978     0.01     0.01  heap_hand
  0.00     54.55     0.00   327660     0.00     0.00  WL_FID_IMAGE_FREE_J69
  0.00     54.55     0.00   307200     0.00     0.00  WL_FID_IMAGE_FREE_K70
  0.00     54.55     0.00   307200     0.00     0.00  WL_FID_IMAGE_FREE_K71
  0.00     54.55     0.00   307200     0.00     0.00  WL_FID_IMAGE_FREE_K72
  0.00     54.55     0.00    20649     0.00     0.30  work_loop
  0.00     54.55     0.00     6105     0.00     0.00  WL_FID____DDA_GRID_PAINT
  0.00     54.55     0.00     6102     0.00     0.00  WL_FID____ATELIER_CUBOIDS_K359
  0.00     54.55     0.00     6102     0.00     0.00  WL_FID____DDA_GRID_PAINT_K669
  0.00     54.55     0.00     6003     0.00     0.00  WL_FID____ATELIER_TRANSLATE_K354
  0.00     54.55     0.00     3018     0.00     0.00  heap_alloc_miss
  0.00     54.55     0.00      900     0.00     0.00  spin_85
  0.00     54.55     0.00      894     0.00     0.00  WL_FID_CLO_APPLY
  0.00     54.55     0.00      300     0.00     0.00  WL_FID_STRING_CMP_K688
  0.00     54.55     0.00      234     0.00     0.00  WL_FID_STRING_CMP
  0.00     54.55     0.00      234     0.00     0.00  WL_FID_STRING_EQ
  0.00     54.55     0.00      234     0.00     0.00  WL_FID_STRING_EQ_K947
  0.00     54.55     0.00      234     0.00     0.00  WL_FID_STRING_ORDER
  0.00     54.55     0.00      234     0.00     0.00  WL_FID_STRING_ORDER_K846
  0.00     54.55     0.00      222     0.00     0.00  WL_FID_IO_BIND
  0.00     54.55     0.00      222     0.00     0.00  WL_FID_IO_BIND_C1070
  0.00     54.55     0.00      222     0.00     0.00  WL_FID_IO_BIND_K1071
  0.00     54.55     0.00      138     0.00     0.00  WL_FID_IO_PURE
  0.00     54.55     0.00      138     0.00     0.00  WL_FID____MAIN_OPTIONS_FLAG
  0.00     54.55     0.00      126     0.00     0.00  WL_FID_STRING_APPEND_K758
  0.00     54.55     0.00      120     0.00     0.00  WL_FID____MAIN_OPTIONS_HAS
  0.00     54.55     0.00      120     0.00     0.00  pool_turn
  0.00     54.55     0.00      117     0.00     0.00  WL_FID____MAIN_OPTIONS_FLAG_K952
  0.00     54.55     0.00      105     0.00     0.00  WL_FID____MAIN_OPTIONS_HAS_K955
  0.00     54.55     0.00      105     0.00     0.00  WL_FID____MAIN_OPTIONS_HAS_K956
  0.00     54.55     0.00       93     0.00     0.81  corpus_eval
  0.00     54.55     0.00       90     0.00     0.00  spin_5
  0.00     54.55     0.00       90     0.00     0.00  spin_83
  0.00     54.55     0.00       87     0.00     4.02  io_exec
  0.00     54.55     0.00       66     0.00     0.00  WL_FID_FRAMES
  0.00     54.55     0.00       63     0.00     0.00  io_sync
  0.00     54.55     0.00       60     0.00     0.00  WL_FID_FRAMES_C406
  0.00     54.55     0.00       60     0.00     0.00  WL_FID_FRAMES_C414
  0.00     54.55     0.00       60     0.00     0.00  WL_FID_FRAMES_K405
  0.00     54.55     0.00       60     0.00     0.00  WL_FID_FRAME_DRAWN_C407
  0.00     54.55     0.00       60     0.00     0.00  WL_FID_FRAME_DRAWN_C408
  0.00     54.55     0.00       60     0.00     0.00  WL_FID_FRAME_DRAWN_C410
  0.00     54.55     0.00       60     0.00     0.00  WL_FID_FRAME_DRAWN_C411
  0.00     54.55     0.00       60     0.00     0.00  WL_FID_FRAME_DRAWN_C412
  0.00     54.55     0.00       60     0.00     0.00  WL_FID_FRAME_DRAWN_C413
  0.00     54.55     0.00       60     0.00     0.00  WL_FID_FRAME_DRAWN_K409
  0.00     54.55     0.00       60     0.00     0.00  WL_FID_IMAGE_DROP
  0.00     54.55     0.00       60     0.00     0.00  WL_FID_SCENE_DRAW
  0.00     54.55     0.00       60     0.00     0.00  WL_FID_SCENE_DRAW_K760
  0.00     54.55     0.00       60     0.00     0.00  WL_FID_WINDOW_FRAME
  0.00     54.55     0.00       60     0.00     0.00  WL_FID____DDA_FRAME_FORK
  0.00     54.55     0.00       60     0.00     0.00  pool_open
  0.00     54.55     0.00       60     0.00     5.83  window_frame
  0.00     54.55     0.00       60     0.00     5.83  window_frame_run
  0.00     54.55     0.00       27     0.00     0.00  WL_FID_U32_POW_K671
  0.00     54.55     0.00       24     0.00     0.00  io_mem
  0.00     54.55     0.00       21     0.00     0.00  WL_FID____MAIN_OPTIONS_ARGS_K958
  0.00     54.55     0.00       21     0.00     0.00  io_str
  0.00     54.55     0.00       18     0.00     0.00  WL_FID_STRING_APPEND
  0.00     54.55     0.00       18     0.00     0.00  WL_FID____ATELIER_ASSEMBLIES_K539
  0.00     54.55     0.00       18     0.00     0.00  WL_FID____ATELIER_CUBOIDS
  0.00     54.55     0.00       18     0.00     0.00  spare_free
  0.00     54.55     0.00       15     0.00     0.00  spin_74
  0.00     54.55     0.00       15     0.00     0.00  spin_82
  0.00     54.55     0.00       12     0.00     0.00  WL_FID_IO_NOW
  0.00     54.55     0.00       12     0.00     0.00  WL_FID____MAIN_OPTIONS_NUMBER
  0.00     54.55     0.00       12     0.00     0.00  io_now_run
  0.00     54.55     0.00       12     0.00     0.00  io_out
  0.00     54.55     0.00        9     0.00     0.00  WL_FID_NAT_SHOW
  0.00     54.55     0.00        9     0.00     0.00  WL_FID_NAT_SHOW_FIN
  0.00     54.55     0.00        9     0.00     0.00  WL_FID_U32_READ
  0.00     54.55     0.00        9     0.00     0.00  WL_FID_U32_READ_GO
  0.00     54.55     0.00        9     0.00     0.00  WL_FID____ATELIER_TRANSLATE
  0.00     54.55     0.00        9     0.00     0.00  WL_FID____MAIN_OPTIONS_NUMBER_K945
  0.00     54.55     0.00        9     0.00     0.00  io_cbuf
  0.00     54.55     0.00        6     0.00     0.00  WL_FID_FRAMES_C404
  0.00     54.55     0.00        6     0.00     0.00  WL_FID_IO_PRINT
  0.00     54.55     0.00        6     0.00     0.00  WL_FID_REQUIRE_C509
  0.00     54.55     0.00        6     0.00     0.00  WL_FID____MAIN_OPTIONS_DEPTH
  0.00     54.55     0.00        6     0.00     0.00  WL_FID____MAIN_OPTIONS_DEPTH_K854
  0.00     54.55     0.00        6     0.00     0.00  io_print_run
  0.00     54.55     0.00        6     0.00     0.00  pool_stack
  0.00     54.55     0.00        3     0.00     0.00  WL_FID_BODY
  0.00     54.55     0.00        3     0.00     0.00  WL_FID_IO_ARGS
  0.00     54.55     0.00        3     0.00     0.00  WL_FID_IO_EMIT
  0.00     54.55     0.00        3     0.00     0.00  WL_FID_IO_PASS_C463
  0.00     54.55     0.00        3     0.00     0.00  WL_FID_IO_TRY_C550
  0.00     54.55     0.00        3     0.00     0.00  WL_FID_IO_TRY_C551
  0.00     54.55     0.00        3     0.00     0.00  WL_FID_MAIN
  0.00     54.55     0.00        3     0.00     0.00  WL_FID_MAIN_C1073
  0.00     54.55     0.00        3     0.00     0.00  WL_FID_MAIN_C1074
  0.00     54.55     0.00        3     0.00     0.00  WL_FID_MAIN_C1083
  0.00     54.55     0.00        3     0.00     0.00  WL_FID_MAIN_C1084
  0.00     54.55     0.00        3     0.00     0.00  WL_FID_MAIN_C1087
  0.00     54.55     0.00        3     0.00     0.00  WL_FID_MAIN_C1088
  0.00     54.55     0.00        3     0.00     0.00  WL_FID_MAIN_C1116
  0.00     54.55     0.00        3     0.00     0.00  WL_FID_MAIN_C1117
  0.00     54.55     0.00        3     0.00     0.00  WL_FID_MAIN_C1119
  0.00     54.55     0.00        3     0.00     0.00  WL_FID_MAIN_C1120
  0.00     54.55     0.00        3     0.00     0.00  WL_FID_MAIN_C1121
  0.00     54.55     0.00        3     0.00     0.00  WL_FID_MAIN_C1122
  0.00     54.55     0.00        3     0.00     0.00  WL_FID_MAIN_C1123
  0.00     54.55     0.00        3     0.00     0.00  WL_FID_MAIN_C1128
  0.00     54.55     0.00        3     0.00     0.00  WL_FID_MAIN_C1129
  0.00     54.55     0.00        3     0.00     0.00  WL_FID_MAIN_C1166
  0.00     54.55     0.00        3     0.00     0.00  WL_FID_MAIN_C1167
  0.00     54.55     0.00        3     0.00     0.00  WL_FID_MAIN_C1169
  0.00     54.55     0.00        3     0.00     0.00  WL_FID_MAIN_C1170
  0.00     54.55     0.00        3     0.00     0.00  WL_FID_MAIN_C1171
  0.00     54.55     0.00        3     0.00     0.00  WL_FID_MAIN_C1172
  0.00     54.55     0.00        3     0.00     0.00  WL_FID_MAIN_C1174
  0.00     54.55     0.00        3     0.00     0.00  WL_FID_MAIN_C1175
  0.00     54.55     0.00        3     0.00     0.00  WL_FID_MAIN_C1176
  0.00     54.55     0.00        3     0.00     0.00  WL_FID_MAIN_C1177
  0.00     54.55     0.00        3     0.00     0.00  WL_FID_MAIN_C1178
  0.00     54.55     0.00        3     0.00     0.00  WL_FID_MAIN_C1179
  0.00     54.55     0.00        3     0.00     0.00  WL_FID_MAIN_K1075
  0.00     54.55     0.00        3     0.00     0.00  WL_FID_MAIN_K1076
  0.00     54.55     0.00        3     0.00     0.00  WL_FID_MAIN_K1077
  0.00     54.55     0.00        3     0.00     0.00  WL_FID_MAIN_K1078
  0.00     54.55     0.00        3     0.00     0.00  WL_FID_MAIN_K1079
  0.00     54.55     0.00        3     0.00     0.00  WL_FID_MAIN_K1080
  0.00     54.55     0.00        3     0.00     0.00  WL_FID_MAIN_K1081
  0.00     54.55     0.00        3     0.00     0.00  WL_FID_MAIN_K1082
  0.00     54.55     0.00        3     0.00     0.00  WL_FID_MAIN_K1085
  0.00     54.55     0.00        3     0.00     0.00  WL_FID_MAIN_K1086
  0.00     54.55     0.00        3     0.00     0.00  WL_FID_MAIN_K1089
  0.00     54.55     0.00        3     0.00     0.00  WL_FID_MAIN_K1090
  0.00     54.55     0.00        3     0.00     0.00  WL_FID_MAIN_K1091
  0.00     54.55     0.00        3     0.00     0.00  WL_FID_MAIN_K1092
  0.00     54.55     0.00        3     0.00     0.00  WL_FID_MAIN_K1093
  0.00     54.55     0.00        3     0.00     0.00  WL_FID_MAIN_K1094
  0.00     54.55     0.00        3     0.00     0.00  WL_FID_MAIN_K1095
  0.00     54.55     0.00        3     0.00     0.00  WL_FID_MAIN_K1096
  0.00     54.55     0.00        3     0.00     0.00  WL_FID_MAIN_K1097
  0.00     54.55     0.00        3     0.00     0.00  WL_FID_MAIN_K1118
  0.00     54.55     0.00        3     0.00     0.00  WL_FID_MAIN_K1124
  0.00     54.55     0.00        3     0.00     0.00  WL_FID_MAIN_K1125
  0.00     54.55     0.00        3     0.00     0.00  WL_FID_MAIN_K1126
  0.00     54.55     0.00        3     0.00     0.00  WL_FID_MAIN_K1127
  0.00     54.55     0.00        3     0.00     0.00  WL_FID_MAIN_K1130
  0.00     54.55     0.00        3     0.00     0.00  WL_FID_MAIN_K1131
  0.00     54.55     0.00        3     0.00     0.00  WL_FID_MAIN_K1132
  0.00     54.55     0.00        3     0.00     0.00  WL_FID_MAIN_K1168
  0.00     54.55     0.00        3     0.00     0.00  WL_FID_MAIN_K1173
  0.00     54.55     0.00        3     0.00     0.00  WL_FID_MAIN_K1180
  0.00     54.55     0.00        3     0.00     0.00  WL_FID_MAIN_K1181
  0.00     54.55     0.00        3     0.00     0.00  WL_FID_MAIN_K1182
  0.00     54.55     0.00        3     0.00     0.00  WL_FID_MAIN_K1183
  0.00     54.55     0.00        3     0.00     0.00  WL_FID_MAIN_K1184
  0.00     54.55     0.00        3     0.00     0.00  WL_FID_SCENE_BUILD
  0.00     54.55     0.00        3     0.00     0.00  WL_FID_SCENE_BUILD_K772
  0.00     54.55     0.00        3     0.00     0.00  WL_FID_U32_POW
  0.00     54.55     0.00        3     0.00     0.00  WL_FID_WINDOW_CLOSE
  0.00     54.55     0.00        3     0.00     0.00  WL_FID_WINDOW_OPEN
  0.00     54.55     0.00        3     0.00     0.00  WL_FID____ATELIER_ASSEMBLIES
  0.00     54.55     0.00        3     0.00     0.00  WL_FID____ATELIER_BODY
  0.00     54.55     0.00        3     0.00     0.00  WL_FID____ATELIER_BODY_K692
  0.00     54.55     0.00        3     0.00     0.00  WL_FID____ATELIER_BODY_K693
  0.00     54.55     0.00        3     0.00     0.01  WL_FID____ATELIER_GENERATE
  0.00     54.55     0.00        3     0.00     0.01  WL_FID____ATELIER_GENERATE_K535
  0.00     54.55     0.00        3     0.00     0.01  WL_FID____ATELIER_GENERATE_K536
  0.00     54.55     0.00        3     0.00     0.00  WL_FID____ATELIER_GENERATE_K537
  0.00     54.55     0.00        3     0.00     0.00  WL_FID____DDA_GRID_BUILD
  0.00     54.55     0.00        3     0.00     0.15  WL_FID____DDA_GRID_BUILD_K834
  0.00     54.55     0.00        3     0.00     0.00  WL_FID____DDA_GRID_BUILD_K835
  0.00     54.55     0.00        3     0.00     0.00  WL_FID____MAIN_OPTIONS_ARGS
  0.00     54.55     0.00        3     0.00     0.00  ctr_take
  0.00     54.55     0.00        3     0.00     0.00  io_args_run
  0.00     54.55     0.00        3     0.00   141.76  io_loop
  0.00     54.55     0.00        3     0.00     0.00  io_spawn
  0.00     54.55     0.00        3     0.00   140.95  io_step
  0.00     54.55     0.00        3     0.00     0.01  spin_220
  0.00     54.55     0.00        3     0.00     0.01  spin_221
  0.00     54.55     0.00        3     0.00     0.01  spin_222
  0.00     54.55     0.00        3     0.00     0.00  spin_223
  0.00     54.55     0.00        3     0.00     0.00  spin_224
  0.00     54.55     0.00        3     0.00     0.00  spin_225
  0.00     54.55     0.00        3     0.00     0.00  spin_235
  0.00     54.55     0.00        3     0.00     0.00  spin_248
  0.00     54.55     0.00        3     0.00     0.00  window_close_run
  0.00     54.55     0.00        3     0.00     0.00  window_open_run

			Call graph


granularity: each sample hit covers 4 byte(s) for 0.02% of 54.55 seconds

index % time    self  children    called     name
                                                 <spontaneous>
[1]     99.1    0.00   54.07                 pool_work [1]
                0.77   45.94 14155776/15728640     WL_FID____DDA_FRAME_SEQ [2]
                0.01    6.17 1075200/1075200     monk_step [9]
                0.36    0.00 4718574/5242860     WL_FID____DDA_FRAME_SEQ_K428 [16]
                0.26    0.00 4718574/5242860     WL_FID____DDA_FRAME_SEQ_K429 [21]
                0.21    0.00 4718574/5242860     WL_FID____DDA_FRAME_SEQ_K430 [22]
                0.16    0.00 14155776/15728640     WL_FID____RENDER_PIXEL_PRESENT [26]
                0.12    0.00 4718574/5242860     WL_FID____DDA_FRAME_SEQ_K431 [27]
                0.02    0.04  983040/1003500     WL_FID_IMAGE_FREE [30]
                0.01    0.00  307200/307200      WL_FID_IMAGE_FREE_K69 [35]
                0.01    0.00   82254/82425       WL_FID_EXIT [36]
                0.01    0.00   82008/102657      WL_FID_ENTER [34]
                0.00    0.00     612/894         WL_FID_CLO_APPLY [40]
                0.00    0.00      60/60          WL_FID_FRAMES_C414 [43]
                0.00    0.00  327660/327660      WL_FID_IMAGE_FREE_J69 [73]
                0.00    0.00  307200/307200      WL_FID_IMAGE_FREE_K70 [74]
                0.00    0.00  307200/307200      WL_FID_IMAGE_FREE_K71 [75]
                0.00    0.00  307200/307200      WL_FID_IMAGE_FREE_K72 [76]
                0.00    0.00     186/222         WL_FID_IO_BIND_K1071 [85]
                0.00    0.00     174/222         WL_FID_IO_BIND [83]
                0.00    0.00     126/138         WL_FID_IO_PURE [86]
                0.00    0.00     126/222         WL_FID_IO_BIND_C1070 [84]
                0.00    0.00      60/60          WL_FID_FRAME_DRAWN_K409 [102]
                0.00    0.00      60/60          WL_FID_FRAME_DRAWN_C410 [98]
                0.00    0.00      60/60          WL_FID_FRAME_DRAWN_C411 [99]
                0.00    0.00      60/60          WL_FID_FRAME_DRAWN_C412 [100]
                0.00    0.00      60/60          WL_FID_FRAME_DRAWN_C413 [101]
                0.00    0.00      60/66          WL_FID_FRAMES [93]
                0.00    0.00      54/60          WL_FID_SCENE_DRAW [104]
                0.00    0.00      54/60          WL_FID____DDA_FRAME_FORK [107]
                0.00    0.00      54/60          WL_FID_SCENE_DRAW_K760 [105]
                0.00    0.00      54/60          WL_FID_FRAMES_K405 [96]
                0.00    0.00      54/60          WL_FID_FRAMES_C406 [95]
                0.00    0.00      54/60          WL_FID_FRAME_DRAWN_C407 [97]
                0.00    0.00      54/60          WL_FID_WINDOW_FRAME [106]
                0.00    0.00       6/6           WL_FID_FRAMES_C404 [124]
                0.00    0.00       6/12          WL_FID_IO_NOW [116]
                0.00    0.00       3/6           pool_stack [130]
                0.00    0.00       3/3           WL_FID_MAIN_C1170 [156]
                0.00    0.00       3/3           WL_FID_MAIN_C1171 [157]
                0.00    0.00       3/3           WL_FID_MAIN_C1175 [160]
                0.00    0.00       3/3           WL_FID_MAIN_C1176 [161]
-----------------------------------------------
                0.09    5.10 1572864/15728640     work_loop [8]
                0.77   45.94 14155776/15728640     pool_work [1]
[2]     95.1    0.85   51.04 15728640         WL_FID____DDA_FRAME_SEQ [2]
                0.63   50.41 15728640/15728640     spin_181 [3]
-----------------------------------------------
                0.63   50.41 15728640/15728640     WL_FID____DDA_FRAME_SEQ [2]
[3]     93.6    0.63   50.41 15728640         spin_181 [3]
                1.34   47.54 15728640/15728640     spin_141 [4]
                1.34    0.00 15728640/229486980     spin_102 [7]
                0.19    0.00 47185920/47185920     spin_182 [24]
-----------------------------------------------
                1.34   47.54 15728640/15728640     spin_181 [3]
[4]     89.6    1.34   47.54 15728640         spin_141 [4]
                6.43   22.87 213758340/213758340     spin_99 [5]
               18.24    0.00 213758340/229486980     spin_102 [7]
-----------------------------------------------
                6.43   22.87 213758340/213758340     spin_141 [4]
[5]     53.7    6.43   22.87 213758340         spin_99 [5]
               22.87    0.00 641275020/641275020     spin_61 [6]
-----------------------------------------------
               22.87    0.00 641275020/641275020     spin_99 [5]
[6]     41.9   22.87    0.00 641275020         spin_61 [6]
-----------------------------------------------
                1.34    0.00 15728640/229486980     spin_181 [3]
               18.24    0.00 213758340/229486980     spin_141 [4]
[7]     35.9   19.58    0.00 229486980         spin_102 [7]
-----------------------------------------------
                0.00    0.08     249/20649       corpus_eval [28]
                0.00    6.17   20400/20649       monk_step [9]
[8]     11.4    0.00    6.24   20649         work_loop [8]
                0.09    5.10 1572864/15728640     WL_FID____DDA_FRAME_SEQ [2]
                0.09    0.58 3961140/3961140     WL_FID____DDA_TREE_PAINT [10]
                0.03    0.16 3955038/3955038     WL_FID____DDA_TREE_PAINT_K516 [25]
                0.01    0.05 3955038/3955038     WL_FID____DDA_TREE_PAINT_K517 [29]
                0.04    0.00  524286/5242860     WL_FID____DDA_FRAME_SEQ_K428 [16]
                0.03    0.00  524286/5242860     WL_FID____DDA_FRAME_SEQ_K429 [21]
                0.02    0.00  524286/5242860     WL_FID____DDA_FRAME_SEQ_K430 [22]
                0.02    0.00 1572864/15728640     WL_FID____RENDER_PIXEL_PRESENT [26]
                0.01    0.00  524286/5242860     WL_FID____DDA_FRAME_SEQ_K431 [27]
                0.00    0.00   20649/102657      WL_FID_ENTER [34]
                0.00    0.00   20460/1003500     WL_FID_IMAGE_FREE [30]
                0.00    0.00       3/3           WL_FID____DDA_GRID_BUILD_K834 [38]
                0.00    0.00    6105/6105        WL_FID____DDA_GRID_PAINT [39]
                0.00    0.00     282/894         WL_FID_CLO_APPLY [40]
                0.00    0.00    6102/6102        WL_FID____ATELIER_CUBOIDS_K359 [41]
                0.00    0.00    6003/6003        WL_FID____ATELIER_TRANSLATE_K354 [42]
                0.00    0.00       3/3           WL_FID____ATELIER_GENERATE [44]
                0.00    0.00     234/234         WL_FID_STRING_CMP [46]
                0.00    0.00       3/3           WL_FID____ATELIER_GENERATE_K536 [47]
                0.00    0.00       3/3           WL_FID____ATELIER_GENERATE_K535 [49]
                0.00    0.00     171/82425       WL_FID_EXIT [36]
                0.00    0.00     234/234         WL_FID_STRING_ORDER_K846 [51]
                0.00    0.00     138/138         WL_FID____MAIN_OPTIONS_FLAG [52]
                0.00    0.00     120/120         WL_FID____MAIN_OPTIONS_HAS [53]
                0.00    0.00     300/300         WL_FID_STRING_CMP_K688 [54]
                0.00    0.00       3/3           WL_FID____ATELIER_GENERATE_K537 [55]
                0.00    0.00     126/126         WL_FID_STRING_APPEND_K758 [58]
                0.00    0.00      18/18          WL_FID_STRING_APPEND [60]
                0.00    0.00       3/3           WL_FID_SCENE_BUILD [61]
                0.00    0.00       9/9           WL_FID_U32_READ [62]
                0.00    0.00      60/60          WL_FID_FRAME_DRAWN_C408 [64]
                0.00    0.00       9/9           WL_FID_U32_READ_GO [66]
                0.00    0.00       9/9           WL_FID_NAT_SHOW_FIN [67]
                0.00    0.00      21/21          WL_FID____MAIN_OPTIONS_ARGS_K958 [68]
                0.00    0.00       3/3           WL_FID_SCENE_BUILD_K772 [70]
                0.00    0.00       3/3           WL_FID_MAIN_C1177 [69]
                0.00    0.00       3/3           WL_FID_MAIN_K1075 [72]
                0.00    0.00    6102/6102        WL_FID____DDA_GRID_PAINT_K669 [77]
                0.00    0.00     234/234         WL_FID_STRING_EQ [80]
                0.00    0.00     234/234         WL_FID_STRING_ORDER [82]
                0.00    0.00     234/234         WL_FID_STRING_EQ_K947 [81]
                0.00    0.00     117/117         WL_FID____MAIN_OPTIONS_FLAG_K952 [88]
                0.00    0.00     105/105         WL_FID____MAIN_OPTIONS_HAS_K955 [89]
                0.00    0.00     105/105         WL_FID____MAIN_OPTIONS_HAS_K956 [90]
                0.00    0.00      96/222         WL_FID_IO_BIND_C1070 [84]
                0.00    0.00      60/60          WL_FID_IMAGE_DROP [103]
                0.00    0.00      48/222         WL_FID_IO_BIND [83]
                0.00    0.00      36/222         WL_FID_IO_BIND_K1071 [85]
                0.00    0.00      27/27          WL_FID_U32_POW_K671 [109]
                0.00    0.00      18/18          WL_FID____ATELIER_ASSEMBLIES_K539 [111]
                0.00    0.00      18/18          WL_FID____ATELIER_CUBOIDS [112]
                0.00    0.00      12/12          WL_FID____MAIN_OPTIONS_NUMBER [117]
                0.00    0.00      12/138         WL_FID_IO_PURE [86]
                0.00    0.00       9/9           WL_FID____ATELIER_TRANSLATE [121]
                0.00    0.00       9/9           WL_FID____MAIN_OPTIONS_NUMBER_K945 [122]
                0.00    0.00       9/9           WL_FID_NAT_SHOW [120]
                0.00    0.00       6/6           WL_FID_REQUIRE_C509 [126]
                0.00    0.00       6/6           WL_FID____MAIN_OPTIONS_DEPTH [127]
                0.00    0.00       6/6           WL_FID____MAIN_OPTIONS_DEPTH_K854 [128]
                0.00    0.00       6/12          WL_FID_IO_NOW [116]
                0.00    0.00       6/66          WL_FID_FRAMES [93]
                0.00    0.00       6/60          WL_FID_SCENE_DRAW [104]
                0.00    0.00       6/60          WL_FID____DDA_FRAME_FORK [107]
                0.00    0.00       6/60          WL_FID_SCENE_DRAW_K760 [105]
                0.00    0.00       6/60          WL_FID_FRAMES_K405 [96]
                0.00    0.00       6/60          WL_FID_FRAMES_C406 [95]
                0.00    0.00       6/60          WL_FID_FRAME_DRAWN_C407 [97]
                0.00    0.00       6/60          WL_FID_WINDOW_FRAME [106]
                0.00    0.00       6/6           WL_FID_IO_PRINT [125]
                0.00    0.00       3/3           WL_FID_MAIN [137]
                0.00    0.00       3/3           WL_FID_MAIN_C1073 [138]
                0.00    0.00       3/3           WL_FID_IO_ARGS [132]
                0.00    0.00       3/3           WL_FID_MAIN_C1074 [139]
                0.00    0.00       3/3           WL_FID____MAIN_OPTIONS_ARGS [206]
                0.00    0.00       3/3           WL_FID_MAIN_K1076 [164]
                0.00    0.00       3/3           WL_FID_MAIN_K1077 [165]
                0.00    0.00       3/3           WL_FID_MAIN_K1078 [166]
                0.00    0.00       3/3           WL_FID_MAIN_K1079 [167]
                0.00    0.00       3/3           WL_FID_MAIN_K1080 [168]
                0.00    0.00       3/3           WL_FID_MAIN_K1081 [169]
                0.00    0.00       3/3           WL_FID_MAIN_K1082 [170]
                0.00    0.00       3/3           WL_FID_MAIN_C1083 [140]
                0.00    0.00       3/3           WL_FID_MAIN_C1084 [141]
                0.00    0.00       3/3           WL_FID_MAIN_K1085 [171]
                0.00    0.00       3/3           WL_FID_MAIN_K1086 [172]
                0.00    0.00       3/3           WL_FID_MAIN_C1087 [142]
                0.00    0.00       3/3           WL_FID_MAIN_C1088 [143]
                0.00    0.00       3/3           WL_FID_MAIN_K1089 [173]
                0.00    0.00       3/3           WL_FID_MAIN_K1090 [174]
                0.00    0.00       3/3           WL_FID_MAIN_K1091 [175]
                0.00    0.00       3/3           WL_FID_MAIN_K1092 [176]
                0.00    0.00       3/3           WL_FID_MAIN_K1093 [177]
                0.00    0.00       3/3           WL_FID_MAIN_K1094 [178]
                0.00    0.00       3/3           WL_FID_MAIN_K1095 [179]
                0.00    0.00       3/3           WL_FID_MAIN_K1096 [180]
                0.00    0.00       3/3           WL_FID_BODY [131]
                0.00    0.00       3/3           WL_FID____ATELIER_BODY [201]
                0.00    0.00       3/3           WL_FID____ATELIER_BODY_K692 [202]
                0.00    0.00       3/3           WL_FID____ATELIER_ASSEMBLIES [200]
                0.00    0.00       3/3           WL_FID____ATELIER_BODY_K693 [203]
                0.00    0.00       3/3           WL_FID_MAIN_K1097 [181]
                0.00    0.00       3/3           WL_FID_MAIN_C1116 [144]
                0.00    0.00       3/3           WL_FID_MAIN_C1117 [145]
                0.00    0.00       3/3           WL_FID____DDA_GRID_BUILD [204]
                0.00    0.00       3/3           WL_FID_U32_POW [197]
                0.00    0.00       3/3           WL_FID____DDA_GRID_BUILD_K835 [205]
                0.00    0.00       3/3           WL_FID_MAIN_K1118 [182]
                0.00    0.00       3/3           WL_FID_MAIN_C1119 [146]
                0.00    0.00       3/3           WL_FID_MAIN_C1120 [147]
                0.00    0.00       3/3           WL_FID_MAIN_C1121 [148]
                0.00    0.00       3/3           WL_FID_MAIN_C1122 [149]
                0.00    0.00       3/3           WL_FID_MAIN_C1123 [150]
                0.00    0.00       3/3           WL_FID_MAIN_K1124 [183]
                0.00    0.00       3/3           WL_FID_MAIN_K1125 [184]
                0.00    0.00       3/3           WL_FID_MAIN_K1126 [185]
                0.00    0.00       3/3           WL_FID_MAIN_K1127 [186]
                0.00    0.00       3/3           WL_FID_MAIN_C1128 [151]
                0.00    0.00       3/3           WL_FID_MAIN_C1129 [152]
                0.00    0.00       3/3           WL_FID_MAIN_K1130 [187]
                0.00    0.00       3/3           WL_FID_MAIN_K1131 [188]
                0.00    0.00       3/3           WL_FID_MAIN_K1132 [189]
                0.00    0.00       3/3           WL_FID_MAIN_C1166 [153]
                0.00    0.00       3/3           WL_FID_IO_TRY_C550 [135]
                0.00    0.00       3/3           WL_FID_WINDOW_OPEN [199]
                0.00    0.00       3/3           WL_FID_IO_TRY_C551 [136]
                0.00    0.00       3/3           WL_FID_IO_PASS_C463 [134]
                0.00    0.00       3/3           WL_FID_MAIN_C1167 [154]
                0.00    0.00       3/3           WL_FID_MAIN_K1168 [190]
                0.00    0.00       3/3           WL_FID_MAIN_C1169 [155]
                0.00    0.00       3/3           WL_FID_MAIN_C1172 [158]
                0.00    0.00       3/3           WL_FID_MAIN_K1173 [191]
                0.00    0.00       3/3           WL_FID_MAIN_C1174 [159]
                0.00    0.00       3/3           WL_FID_MAIN_C1178 [162]
                0.00    0.00       3/3           WL_FID_WINDOW_CLOSE [198]
                0.00    0.00       3/3           WL_FID_MAIN_C1179 [163]
                0.00    0.00       3/3           WL_FID_MAIN_K1180 [192]
                0.00    0.00       3/3           WL_FID_MAIN_K1181 [193]
                0.00    0.00       3/3           WL_FID_MAIN_K1182 [194]
                0.00    0.00       3/3           WL_FID_MAIN_K1183 [195]
                0.00    0.00       3/3           WL_FID_MAIN_K1184 [196]
                0.00    0.00       3/3           WL_FID_IO_EMIT [133]
-----------------------------------------------
                0.01    6.17 1075200/1075200     pool_work [1]
[9]     11.3    0.01    6.17 1075200         monk_step [9]
                0.00    6.17   20400/20649       work_loop [8]
-----------------------------------------------
                0.09    0.58 3961140/3961140     work_loop [8]
[10]     1.2    0.09    0.58 3961140         WL_FID____DDA_TREE_PAINT [10]
                0.09    0.34 7910076/7910076     spin_161 [12]
                0.04    0.07 1739304/3483390     span_fade [23]
                0.04    0.00  991344/14503463     term_drop [11]
                0.00    0.00    6099/3879822     rfc_wrap [33]
-----------------------------------------------
                0.00    0.00       3/14503463     io_step [15]
                0.00    0.00       3/14503463     WL_FID_MAIN_C1177 [69]
                0.00    0.00       3/14503463     spin_235 [71]
                0.00    0.00       6/14503463     WL_FID____MAIN_OPTIONS_FLAG [52]
                0.00    0.00       8/14503463     WL_FID_FRAME_DRAWN_C408 [64]
                0.00    0.00     234/14503463     WL_FID_STRING_ORDER_K846 [51]
                0.01    0.00  120108/14503463     spin_218 [31]
                0.04    0.00  983040/14503463     WL_FID_IMAGE_FREE [30]
                0.04    0.00  991344/14503463     WL_FID____DDA_TREE_PAINT [10]
                0.04    0.00 1015248/14503463     WL_FID____DDA_TREE_PAINT_K516 [25]
                0.15    0.00 3483390/14503463     span_fade [23]
                0.33    0.00 7910076/14503463     spin_161 [12]
[11]     1.1    0.61    0.01 14503463         term_drop [11]
                0.01    0.00     894/978         heap_hand [37]
-----------------------------------------------
                0.09    0.34 7910076/7910076     WL_FID____DDA_TREE_PAINT [10]
[12]     0.8    0.09    0.34 7910076         spin_161 [12]
                0.33    0.00 7910076/14503463     term_drop [11]
-----------------------------------------------
                0.00    0.43       3/3           main [14]
[13]     0.8    0.00    0.43       3         io_loop [13]
                0.00    0.42       3/3           io_step [15]
                0.00    0.00       3/93          corpus_eval [28]
                0.00    0.00       3/6           pool_stack [130]
                0.00    0.00       3/3018        heap_alloc_miss [78]
                0.00    0.00       3/3           io_spawn [208]
-----------------------------------------------
                                                 <spontaneous>
[14]     0.8    0.00    0.43                 main [14]
                0.00    0.43       3/3           io_loop [13]
                0.00    0.00       3/63          io_sync [94]
-----------------------------------------------
                0.00    0.42       3/3           io_loop [13]
[15]     0.8    0.00    0.42       3         io_step [15]
                0.00    0.35      87/87          io_exec [17]
                0.00    0.07      90/93          corpus_eval [28]
                0.00    0.00       3/14503463     term_drop [11]
                0.00    0.00       3/3018        heap_alloc_miss [78]
-----------------------------------------------
                0.04    0.00  524286/5242860     work_loop [8]
                0.36    0.00 4718574/5242860     pool_work [1]
[16]     0.7    0.40    0.00 5242860         WL_FID____DDA_FRAME_SEQ_K428 [16]
-----------------------------------------------
                0.00    0.35      87/87          io_step [15]
[17]     0.6    0.00    0.35      87         io_exec [17]
                0.00    0.35      60/60          window_frame_run [19]
                0.00    0.00       3/3           io_args_run [56]
                0.00    0.00      12/12          io_now_run [118]
                0.00    0.00       6/6           io_print_run [129]
                0.00    0.00       3/3           window_open_run [211]
                0.00    0.00       3/3           window_close_run [210]
-----------------------------------------------
                0.00    0.35      60/60          window_frame_run [19]
[18]     0.6    0.00    0.35      60         window_frame [18]
                0.35    0.00      60/60          window_sq [20]
                0.00    0.00    1176/3879822     rfc_wrap [33]
                0.00    0.00      60/63          io_sync [94]
                0.00    0.00       6/24          io_mem [110]
-----------------------------------------------
                0.00    0.35      60/60          io_exec [17]
[19]     0.6    0.00    0.35      60         window_frame_run [19]
                0.00    0.35      60/60          window_frame [18]
-----------------------------------------------
                             15728580             window_sq [20]
                0.35    0.00      60/60          window_frame [18]
[20]     0.6    0.35    0.00      60+15728580 window_sq [20]
                             15728580             window_sq [20]
-----------------------------------------------
                0.03    0.00  524286/5242860     work_loop [8]
                0.26    0.00 4718574/5242860     pool_work [1]
[21]     0.5    0.29    0.00 5242860         WL_FID____DDA_FRAME_SEQ_K429 [21]
-----------------------------------------------
                0.02    0.00  524286/5242860     work_loop [8]
                0.21    0.00 4718574/5242860     pool_work [1]
[22]     0.4    0.23    0.00 5242860         WL_FID____DDA_FRAME_SEQ_K430 [22]
-----------------------------------------------
                0.00    0.00       3/3483390     WL_FID_U32_READ_GO [66]
                0.00    0.00       6/3483390     WL_FID_U32_READ [62]
                0.00    0.00       9/3483390     WL_FID_STRING_APPEND [60]
                0.00    0.00       9/3483390     WL_FID_SCENE_BUILD [61]
                0.00    0.00     105/3483390     WL_FID____MAIN_OPTIONS_HAS [53]
                0.00    0.00     108/3483390     WL_FID____MAIN_OPTIONS_FLAG [52]
                0.00    0.00     468/3483390     WL_FID_STRING_CMP [46]
                0.00    0.00    6102/3483390     WL_FID____DDA_GRID_PAINT [39]
                0.00    0.00    6102/3483390     WL_FID____DDA_GRID_BUILD_K834 [38]
                0.04    0.07 1731174/3483390     WL_FID____DDA_TREE_PAINT_K516 [25]
                0.04    0.07 1739304/3483390     WL_FID____DDA_TREE_PAINT [10]
[23]     0.4    0.08    0.15 3483390         span_fade [23]
                0.15    0.00 3483390/14503463     term_drop [11]
-----------------------------------------------
                0.19    0.00 47185920/47185920     spin_181 [3]
[24]     0.3    0.19    0.00 47185920         spin_182 [24]
-----------------------------------------------
                0.03    0.16 3955038/3955038     work_loop [8]
[25]     0.3    0.03    0.16 3955038         WL_FID____DDA_TREE_PAINT_K516 [25]
                0.04    0.07 1731174/3483390     span_fade [23]
                0.04    0.00 1015248/14503463     term_drop [11]
-----------------------------------------------
                0.02    0.00 1572864/15728640     work_loop [8]
                0.16    0.00 14155776/15728640     pool_work [1]
[26]     0.3    0.18    0.00 15728640         WL_FID____RENDER_PIXEL_PRESENT [26]
-----------------------------------------------
                0.01    0.00  524286/5242860     work_loop [8]
                0.12    0.00 4718574/5242860     pool_work [1]
[27]     0.2    0.13    0.00 5242860         WL_FID____DDA_FRAME_SEQ_K431 [27]
                0.00    0.00     906/3018        heap_alloc_miss [78]
-----------------------------------------------
                0.00    0.00       3/93          io_loop [13]
                0.00    0.07      90/93          io_step [15]
[28]     0.1    0.00    0.08      93         corpus_eval [28]
                0.00    0.08     249/20649       work_loop [8]
                0.00    0.00     120/120         pool_turn [87]
                0.00    0.00      60/60          pool_open [108]
-----------------------------------------------
                0.01    0.05 3955038/3955038     work_loop [8]
[29]     0.1    0.01    0.05 3955038         WL_FID____DDA_TREE_PAINT_K517 [29]
                0.02    0.03 3955038/3955038     spin_218 [31]
-----------------------------------------------
                0.00    0.00   20460/1003500     work_loop [8]
                0.02    0.04  983040/1003500     pool_work [1]
[30]     0.1    0.02    0.04 1003500         WL_FID_IMAGE_FREE [30]
                0.04    0.00  983040/14503463     term_drop [11]
                0.00    0.00      36/978         heap_hand [37]
                0.00    0.00       6/3018        heap_alloc_miss [78]
-----------------------------------------------
                0.02    0.03 3955038/3955038     WL_FID____DDA_TREE_PAINT_K517 [29]
[31]     0.1    0.02    0.03 3955038         spin_218 [31]
                0.03    0.00 3828828/3879822     rfc_wrap [33]
                0.01    0.00  120108/14503463     term_drop [11]
                0.00    0.00    1347/3018        heap_alloc_miss [78]
-----------------------------------------------
                                                 <spontaneous>
[32]     0.1    0.05    0.00                 _init [32]
-----------------------------------------------
                0.00    0.00       3/3879822     WL_FID_MAIN_K1075 [72]
                0.00    0.00      18/3879822     WL_FID____MAIN_OPTIONS_ARGS_K958 [68]
                0.00    0.00      21/3879822     WL_FID_NAT_SHOW_FIN [67]
                0.00    0.00      33/3879822     spin_223 [65]
                0.00    0.00      39/3879822     io_args_run [56]
                0.00    0.00      45/3879822     spin_224 [63]
                0.00    0.00      51/3879822     WL_FID____ATELIER_GENERATE_K537 [55]
                0.00    0.00     111/3879822     spin_225 [59]
                0.00    0.00     126/3879822     WL_FID_STRING_APPEND_K758 [58]
                0.00    0.00     189/3879822     io_str [57]
                0.00    0.00     219/3879822     WL_FID_STRING_CMP [46]
                0.00    0.00     567/3879822     WL_FID_STRING_CMP_K688 [54]
                0.00    0.00    1176/3879822     window_frame [18]
                0.00    0.00    3765/3879822     spin_221 [50]
                0.00    0.00    3849/3879822     spin_222 [48]
                0.00    0.00    4383/3879822     spin_220 [45]
                0.00    0.00    6099/3879822     WL_FID____DDA_TREE_PAINT [10]
                0.00    0.00    6102/3879822     WL_FID____DDA_GRID_BUILD_K834 [38]
                0.00    0.00   11997/3879822     WL_FID____ATELIER_TRANSLATE_K354 [42]
                0.00    0.00   12201/3879822     WL_FID____ATELIER_CUBOIDS_K359 [41]
                0.03    0.00 3828828/3879822     spin_218 [31]
[33]     0.1    0.03    0.00 3879822         rfc_wrap [33]
                0.00    0.00     678/3018        heap_alloc_miss [78]
-----------------------------------------------
                0.00    0.00   20649/102657      work_loop [8]
                0.01    0.00   82008/102657      pool_work [1]
[34]     0.0    0.01    0.00  102657         WL_FID_ENTER [34]
                0.00    0.00       9/978         heap_hand [37]
-----------------------------------------------
                0.01    0.00  307200/307200      pool_work [1]
[35]     0.0    0.01    0.00  307200         WL_FID_IMAGE_FREE_K69 [35]
-----------------------------------------------
                0.00    0.00     171/82425       work_loop [8]
                0.01    0.00   82254/82425       pool_work [1]
[36]     0.0    0.01    0.00   82425         WL_FID_EXIT [36]
-----------------------------------------------
                0.00    0.00       6/978         WL_FID_FRAMES_C414 [43]
                0.00    0.00       9/978         WL_FID_ENTER [34]
                0.00    0.00      33/978         WL_FID_CLO_APPLY [40]
                0.00    0.00      36/978         WL_FID_IMAGE_FREE [30]
                0.01    0.00     894/978         term_drop [11]
[37]     0.0    0.01    0.00     978         heap_hand [37]
-----------------------------------------------
                0.00    0.00       3/3           work_loop [8]
[38]     0.0    0.00    0.00       3         WL_FID____DDA_GRID_BUILD_K834 [38]
                0.00    0.00    6102/3483390     span_fade [23]
                0.00    0.00    6102/3879822     rfc_wrap [33]
                0.00    0.00       3/3018        heap_alloc_miss [78]
-----------------------------------------------
                0.00    0.00    6105/6105        work_loop [8]
[39]     0.0    0.00    0.00    6105         WL_FID____DDA_GRID_PAINT [39]
                0.00    0.00    6102/3483390     span_fade [23]
-----------------------------------------------
                0.00    0.00     282/894         work_loop [8]
                0.00    0.00     612/894         pool_work [1]
[40]     0.0    0.00    0.00     894         WL_FID_CLO_APPLY [40]
                0.00    0.00      33/978         heap_hand [37]
-----------------------------------------------
                0.00    0.00    6102/6102        work_loop [8]
[41]     0.0    0.00    0.00    6102         WL_FID____ATELIER_CUBOIDS_K359 [41]
                0.00    0.00   12201/3879822     rfc_wrap [33]
-----------------------------------------------
                0.00    0.00    6003/6003        work_loop [8]
[42]     0.0    0.00    0.00    6003         WL_FID____ATELIER_TRANSLATE_K354 [42]
                0.00    0.00   11997/3879822     rfc_wrap [33]
-----------------------------------------------
                0.00    0.00      60/60          pool_work [1]
[43]     0.0    0.00    0.00      60         WL_FID_FRAMES_C414 [43]
                0.00    0.00       6/978         heap_hand [37]
-----------------------------------------------
                0.00    0.00       3/3           work_loop [8]
[44]     0.0    0.00    0.00       3         WL_FID____ATELIER_GENERATE [44]
                0.00    0.00       3/3           spin_220 [45]
-----------------------------------------------
                0.00    0.00       3/3           WL_FID____ATELIER_GENERATE [44]
[45]     0.0    0.00    0.00       3         spin_220 [45]
                0.00    0.00    4383/3879822     rfc_wrap [33]
                0.00    0.00       3/3018        heap_alloc_miss [78]
-----------------------------------------------
                0.00    0.00     234/234         work_loop [8]
[46]     0.0    0.00    0.00     234         WL_FID_STRING_CMP [46]
                0.00    0.00     468/3483390     span_fade [23]
                0.00    0.00     219/3879822     rfc_wrap [33]
-----------------------------------------------
                0.00    0.00       3/3           work_loop [8]
[47]     0.0    0.00    0.00       3         WL_FID____ATELIER_GENERATE_K536 [47]
                0.00    0.00       3/3           spin_222 [48]
-----------------------------------------------
                0.00    0.00       3/3           WL_FID____ATELIER_GENERATE_K536 [47]
[48]     0.0    0.00    0.00       3         spin_222 [48]
                0.00    0.00    3849/3879822     rfc_wrap [33]
                0.00    0.00       6/3018        heap_alloc_miss [78]
-----------------------------------------------
                0.00    0.00       3/3           work_loop [8]
[49]     0.0    0.00    0.00       3         WL_FID____ATELIER_GENERATE_K535 [49]
                0.00    0.00       3/3           spin_221 [50]
-----------------------------------------------
                0.00    0.00       3/3           WL_FID____ATELIER_GENERATE_K535 [49]
[50]     0.0    0.00    0.00       3         spin_221 [50]
                0.00    0.00    3765/3879822     rfc_wrap [33]
                0.00    0.00       3/3018        heap_alloc_miss [78]
-----------------------------------------------
                0.00    0.00     234/234         work_loop [8]
[51]     0.0    0.00    0.00     234         WL_FID_STRING_ORDER_K846 [51]
                0.00    0.00     234/14503463     term_drop [11]
-----------------------------------------------
                0.00    0.00     138/138         work_loop [8]
[52]     0.0    0.00    0.00     138         WL_FID____MAIN_OPTIONS_FLAG [52]
                0.00    0.00     108/3483390     span_fade [23]
                0.00    0.00       6/14503463     term_drop [11]
-----------------------------------------------
                0.00    0.00     120/120         work_loop [8]
[53]     0.0    0.00    0.00     120         WL_FID____MAIN_OPTIONS_HAS [53]
                0.00    0.00     105/3483390     span_fade [23]
-----------------------------------------------
                0.00    0.00     300/300         work_loop [8]
[54]     0.0    0.00    0.00     300         WL_FID_STRING_CMP_K688 [54]
                0.00    0.00     567/3879822     rfc_wrap [33]
-----------------------------------------------
                0.00    0.00       3/3           work_loop [8]
[55]     0.0    0.00    0.00       3         WL_FID____ATELIER_GENERATE_K537 [55]
                0.00    0.00       3/3           spin_225 [59]
                0.00    0.00      51/3879822     rfc_wrap [33]
                0.00    0.00       3/3           spin_224 [63]
                0.00    0.00       3/3           spin_223 [65]
-----------------------------------------------
                0.00    0.00       3/3           io_exec [17]
[56]     0.0    0.00    0.00       3         io_args_run [56]
                0.00    0.00      21/21          io_str [57]
                0.00    0.00      39/3879822     rfc_wrap [33]
-----------------------------------------------
                0.00    0.00      21/21          io_args_run [56]
[57]     0.0    0.00    0.00      21         io_str [57]
                0.00    0.00     189/3879822     rfc_wrap [33]
-----------------------------------------------
                0.00    0.00     126/126         work_loop [8]
[58]     0.0    0.00    0.00     126         WL_FID_STRING_APPEND_K758 [58]
                0.00    0.00     126/3879822     rfc_wrap [33]
-----------------------------------------------
                0.00    0.00       3/3           WL_FID____ATELIER_GENERATE_K537 [55]
[59]     0.0    0.00    0.00       3         spin_225 [59]
                0.00    0.00     111/3879822     rfc_wrap [33]
-----------------------------------------------
                0.00    0.00      18/18          work_loop [8]
[60]     0.0    0.00    0.00      18         WL_FID_STRING_APPEND [60]
                0.00    0.00       9/3483390     span_fade [23]
-----------------------------------------------
                0.00    0.00       3/3           work_loop [8]
[61]     0.0    0.00    0.00       3         WL_FID_SCENE_BUILD [61]
                0.00    0.00       9/3483390     span_fade [23]
                0.00    0.00       9/18          spare_free [113]
-----------------------------------------------
                0.00    0.00       9/9           work_loop [8]
[62]     0.0    0.00    0.00       9         WL_FID_U32_READ [62]
                0.00    0.00       6/3483390     span_fade [23]
-----------------------------------------------
                0.00    0.00       3/3           WL_FID____ATELIER_GENERATE_K537 [55]
[63]     0.0    0.00    0.00       3         spin_224 [63]
                0.00    0.00      45/3879822     rfc_wrap [33]
-----------------------------------------------
                0.00    0.00      60/60          work_loop [8]
[64]     0.0    0.00    0.00      60         WL_FID_FRAME_DRAWN_C408 [64]
                0.00    0.00       8/14503463     term_drop [11]
-----------------------------------------------
                0.00    0.00       3/3           WL_FID____ATELIER_GENERATE_K537 [55]
[65]     0.0    0.00    0.00       3         spin_223 [65]
                0.00    0.00      33/3879822     rfc_wrap [33]
-----------------------------------------------
                0.00    0.00       9/9           work_loop [8]
[66]     0.0    0.00    0.00       9         WL_FID_U32_READ_GO [66]
                0.00    0.00       3/3483390     span_fade [23]
-----------------------------------------------
                0.00    0.00       9/9           work_loop [8]
[67]     0.0    0.00    0.00       9         WL_FID_NAT_SHOW_FIN [67]
                0.00    0.00      21/3879822     rfc_wrap [33]
-----------------------------------------------
                0.00    0.00      21/21          work_loop [8]
[68]     0.0    0.00    0.00      21         WL_FID____MAIN_OPTIONS_ARGS_K958 [68]
                0.00    0.00      18/3879822     rfc_wrap [33]
-----------------------------------------------
                0.00    0.00       3/3           work_loop [8]
[69]     0.0    0.00    0.00       3         WL_FID_MAIN_C1177 [69]
                0.00    0.00       3/14503463     term_drop [11]
-----------------------------------------------
                0.00    0.00       3/3           work_loop [8]
[70]     0.0    0.00    0.00       3         WL_FID_SCENE_BUILD_K772 [70]
                0.00    0.00       3/3           spin_235 [71]
-----------------------------------------------
                0.00    0.00       3/3           WL_FID_SCENE_BUILD_K772 [70]
[71]     0.0    0.00    0.00       3         spin_235 [71]
                0.00    0.00       3/14503463     term_drop [11]
                0.00    0.00      90/90          spin_5 [91]
                0.00    0.00      15/15          spin_74 [114]
                0.00    0.00      15/15          spin_82 [115]
-----------------------------------------------
                0.00    0.00       3/3           work_loop [8]
[72]     0.0    0.00    0.00       3         WL_FID_MAIN_K1075 [72]
                0.00    0.00       3/3879822     rfc_wrap [33]
-----------------------------------------------
                0.00    0.00  327660/327660      pool_work [1]
[73]     0.0    0.00    0.00  327660         WL_FID_IMAGE_FREE_J69 [73]
-----------------------------------------------
                0.00    0.00  307200/307200      pool_work [1]
[74]     0.0    0.00    0.00  307200         WL_FID_IMAGE_FREE_K70 [74]
-----------------------------------------------
                0.00    0.00  307200/307200      pool_work [1]
[75]     0.0    0.00    0.00  307200         WL_FID_IMAGE_FREE_K71 [75]
-----------------------------------------------
                0.00    0.00  307200/307200      pool_work [1]
[76]     0.0    0.00    0.00  307200         WL_FID_IMAGE_FREE_K72 [76]
-----------------------------------------------
                0.00    0.00    6102/6102        work_loop [8]
[77]     0.0    0.00    0.00    6102         WL_FID____DDA_GRID_PAINT_K669 [77]
-----------------------------------------------
                0.00    0.00       3/3018        io_loop [13]
                0.00    0.00       3/3018        io_step [15]
                0.00    0.00       3/3018        spin_220 [45]
                0.00    0.00       3/3018        spin_221 [50]
                0.00    0.00       3/3018        WL_FID_SCENE_DRAW [104]
                0.00    0.00       3/3018        WL_FID____DDA_GRID_BUILD_K834 [38]
                0.00    0.00       3/3018        WL_FID_MAIN_K1076 [164]
                0.00    0.00       3/3018        WL_FID_MAIN_K1080 [168]
                0.00    0.00       3/3018        WL_FID_MAIN_C1117 [145]
                0.00    0.00       3/3018        WL_FID_IO_ARGS [132]
                0.00    0.00       3/3018        WL_FID_IO_NOW [116]
                0.00    0.00       6/3018        spin_222 [48]
                0.00    0.00       6/3018        WL_FID_IMAGE_FREE [30]
                0.00    0.00       6/3018        WL_FID_FRAMES_C406 [95]
                0.00    0.00       6/3018        WL_FID_FRAME_DRAWN_C407 [97]
                0.00    0.00       6/3018        WL_FID_FRAME_DRAWN_C413 [101]
                0.00    0.00      12/3018        WL_FID_FRAME_DRAWN_C410 [98]
                0.00    0.00      12/3018        WL_FID_IO_BIND [83]
                0.00    0.00     678/3018        rfc_wrap [33]
                0.00    0.00     906/3018        WL_FID____DDA_FRAME_SEQ_K431 [27]
                0.00    0.00    1347/3018        spin_218 [31]
[78]     0.0    0.00    0.00    3018         heap_alloc_miss [78]
-----------------------------------------------
                0.00    0.00     900/900         spin_83 [92]
[79]     0.0    0.00    0.00     900         spin_85 [79]
-----------------------------------------------
                0.00    0.00     234/234         work_loop [8]
[80]     0.0    0.00    0.00     234         WL_FID_STRING_EQ [80]
-----------------------------------------------
                0.00    0.00     234/234         work_loop [8]
[81]     0.0    0.00    0.00     234         WL_FID_STRING_EQ_K947 [81]
-----------------------------------------------
                0.00    0.00     234/234         work_loop [8]
[82]     0.0    0.00    0.00     234         WL_FID_STRING_ORDER [82]
-----------------------------------------------
                0.00    0.00      48/222         work_loop [8]
                0.00    0.00     174/222         pool_work [1]
[83]     0.0    0.00    0.00     222         WL_FID_IO_BIND [83]
                0.00    0.00      12/3018        heap_alloc_miss [78]
-----------------------------------------------
                0.00    0.00      96/222         work_loop [8]
                0.00    0.00     126/222         pool_work [1]
[84]     0.0    0.00    0.00     222         WL_FID_IO_BIND_C1070 [84]
-----------------------------------------------
                0.00    0.00      36/222         work_loop [8]
                0.00    0.00     186/222         pool_work [1]
[85]     0.0    0.00    0.00     222         WL_FID_IO_BIND_K1071 [85]
-----------------------------------------------
                0.00    0.00      12/138         work_loop [8]
                0.00    0.00     126/138         pool_work [1]
[86]     0.0    0.00    0.00     138         WL_FID_IO_PURE [86]
-----------------------------------------------
                0.00    0.00     120/120         corpus_eval [28]
[87]     0.0    0.00    0.00     120         pool_turn [87]
-----------------------------------------------
                0.00    0.00     117/117         work_loop [8]
[88]     0.0    0.00    0.00     117         WL_FID____MAIN_OPTIONS_FLAG_K952 [88]
-----------------------------------------------
                0.00    0.00     105/105         work_loop [8]
[89]     0.0    0.00    0.00     105         WL_FID____MAIN_OPTIONS_HAS_K955 [89]
-----------------------------------------------
                0.00    0.00     105/105         work_loop [8]
[90]     0.0    0.00    0.00     105         WL_FID____MAIN_OPTIONS_HAS_K956 [90]
-----------------------------------------------
                0.00    0.00      90/90          spin_235 [71]
[91]     0.0    0.00    0.00      90         spin_5 [91]
-----------------------------------------------
                0.00    0.00      90/90          spin_82 [115]
[92]     0.0    0.00    0.00      90         spin_83 [92]
                0.00    0.00     900/900         spin_85 [79]
-----------------------------------------------
                0.00    0.00       6/66          work_loop [8]
                0.00    0.00      60/66          pool_work [1]
[93]     0.0    0.00    0.00      66         WL_FID_FRAMES [93]
-----------------------------------------------
                0.00    0.00       3/63          main [14]
                0.00    0.00      60/63          window_frame [18]
[94]     0.0    0.00    0.00      63         io_sync [94]
-----------------------------------------------
                0.00    0.00       6/60          work_loop [8]
                0.00    0.00      54/60          pool_work [1]
[95]     0.0    0.00    0.00      60         WL_FID_FRAMES_C406 [95]
                0.00    0.00       6/3018        heap_alloc_miss [78]
-----------------------------------------------
                0.00    0.00       6/60          work_loop [8]
                0.00    0.00      54/60          pool_work [1]
[96]     0.0    0.00    0.00      60         WL_FID_FRAMES_K405 [96]
-----------------------------------------------
                0.00    0.00       6/60          work_loop [8]
                0.00    0.00      54/60          pool_work [1]
[97]     0.0    0.00    0.00      60         WL_FID_FRAME_DRAWN_C407 [97]
                0.00    0.00       6/3018        heap_alloc_miss [78]
-----------------------------------------------
                0.00    0.00      60/60          pool_work [1]
[98]     0.0    0.00    0.00      60         WL_FID_FRAME_DRAWN_C410 [98]
                0.00    0.00      12/3018        heap_alloc_miss [78]
-----------------------------------------------
                0.00    0.00      60/60          pool_work [1]
[99]     0.0    0.00    0.00      60         WL_FID_FRAME_DRAWN_C411 [99]
-----------------------------------------------
                0.00    0.00      60/60          pool_work [1]
[100]    0.0    0.00    0.00      60         WL_FID_FRAME_DRAWN_C412 [100]
-----------------------------------------------
                0.00    0.00      60/60          pool_work [1]
[101]    0.0    0.00    0.00      60         WL_FID_FRAME_DRAWN_C413 [101]
                0.00    0.00       6/3018        heap_alloc_miss [78]
-----------------------------------------------
                0.00    0.00      60/60          pool_work [1]
[102]    0.0    0.00    0.00      60         WL_FID_FRAME_DRAWN_K409 [102]
-----------------------------------------------
                0.00    0.00      60/60          work_loop [8]
[103]    0.0    0.00    0.00      60         WL_FID_IMAGE_DROP [103]
-----------------------------------------------
                0.00    0.00       6/60          work_loop [8]
                0.00    0.00      54/60          pool_work [1]
[104]    0.0    0.00    0.00      60         WL_FID_SCENE_DRAW [104]
                0.00    0.00       3/3018        heap_alloc_miss [78]
-----------------------------------------------
                0.00    0.00       6/60          work_loop [8]
                0.00    0.00      54/60          pool_work [1]
[105]    0.0    0.00    0.00      60         WL_FID_SCENE_DRAW_K760 [105]
-----------------------------------------------
                0.00    0.00       6/60          work_loop [8]
                0.00    0.00      54/60          pool_work [1]
[106]    0.0    0.00    0.00      60         WL_FID_WINDOW_FRAME [106]
-----------------------------------------------
                0.00    0.00       6/60          work_loop [8]
                0.00    0.00      54/60          pool_work [1]
[107]    0.0    0.00    0.00      60         WL_FID____DDA_FRAME_FORK [107]
-----------------------------------------------
                0.00    0.00      60/60          corpus_eval [28]
[108]    0.0    0.00    0.00      60         pool_open [108]
-----------------------------------------------
                0.00    0.00      27/27          work_loop [8]
[109]    0.0    0.00    0.00      27         WL_FID_U32_POW_K671 [109]
-----------------------------------------------
                0.00    0.00       3/24          io_spawn [208]
                0.00    0.00       6/24          window_open_run [211]
                0.00    0.00       6/24          window_frame [18]
                0.00    0.00       9/24          io_cbuf [123]
[110]    0.0    0.00    0.00      24         io_mem [110]
-----------------------------------------------
                0.00    0.00      18/18          work_loop [8]
[111]    0.0    0.00    0.00      18         WL_FID____ATELIER_ASSEMBLIES_K539 [111]
-----------------------------------------------
                0.00    0.00      18/18          work_loop [8]
[112]    0.0    0.00    0.00      18         WL_FID____ATELIER_CUBOIDS [112]
-----------------------------------------------
                0.00    0.00       9/18          WL_FID_SCENE_BUILD [61]
                0.00    0.00       9/18          spin_248 [209]
[113]    0.0    0.00    0.00      18         spare_free [113]
-----------------------------------------------
                0.00    0.00      15/15          spin_235 [71]
[114]    0.0    0.00    0.00      15         spin_74 [114]
-----------------------------------------------
                0.00    0.00      15/15          spin_235 [71]
[115]    0.0    0.00    0.00      15         spin_82 [115]
                0.00    0.00      90/90          spin_83 [92]
-----------------------------------------------
                0.00    0.00       6/12          work_loop [8]
                0.00    0.00       6/12          pool_work [1]
[116]    0.0    0.00    0.00      12         WL_FID_IO_NOW [116]
                0.00    0.00       3/3018        heap_alloc_miss [78]
-----------------------------------------------
                0.00    0.00      12/12          work_loop [8]
[117]    0.0    0.00    0.00      12         WL_FID____MAIN_OPTIONS_NUMBER [117]
-----------------------------------------------
                0.00    0.00      12/12          io_exec [17]
[118]    0.0    0.00    0.00      12         io_now_run [118]
-----------------------------------------------
                0.00    0.00      12/12          io_print_run [129]
[119]    0.0    0.00    0.00      12         io_out [119]
-----------------------------------------------
                0.00    0.00       9/9           work_loop [8]
[120]    0.0    0.00    0.00       9         WL_FID_NAT_SHOW [120]
-----------------------------------------------
                0.00    0.00       9/9           work_loop [8]
[121]    0.0    0.00    0.00       9         WL_FID____ATELIER_TRANSLATE [121]
-----------------------------------------------
                0.00    0.00       9/9           work_loop [8]
[122]    0.0    0.00    0.00       9         WL_FID____MAIN_OPTIONS_NUMBER_K945 [122]
-----------------------------------------------
                0.00    0.00       3/9           window_open_run [211]
                0.00    0.00       6/9           io_print_run [129]
[123]    0.0    0.00    0.00       9         io_cbuf [123]
                0.00    0.00       9/24          io_mem [110]
-----------------------------------------------
                0.00    0.00       6/6           pool_work [1]
[124]    0.0    0.00    0.00       6         WL_FID_FRAMES_C404 [124]
-----------------------------------------------
                0.00    0.00       6/6           work_loop [8]
[125]    0.0    0.00    0.00       6         WL_FID_IO_PRINT [125]
-----------------------------------------------
                0.00    0.00       6/6           work_loop [8]
[126]    0.0    0.00    0.00       6         WL_FID_REQUIRE_C509 [126]
-----------------------------------------------
                0.00    0.00       6/6           work_loop [8]
[127]    0.0    0.00    0.00       6         WL_FID____MAIN_OPTIONS_DEPTH [127]
-----------------------------------------------
                0.00    0.00       6/6           work_loop [8]
[128]    0.0    0.00    0.00       6         WL_FID____MAIN_OPTIONS_DEPTH_K854 [128]
-----------------------------------------------
                0.00    0.00       6/6           io_exec [17]
[129]    0.0    0.00    0.00       6         io_print_run [129]
                0.00    0.00      12/12          io_out [119]
                0.00    0.00       6/9           io_cbuf [123]
-----------------------------------------------
                0.00    0.00       3/6           io_loop [13]
                0.00    0.00       3/6           pool_work [1]
[130]    0.0    0.00    0.00       6         pool_stack [130]
-----------------------------------------------
                0.00    0.00       3/3           work_loop [8]
[131]    0.0    0.00    0.00       3         WL_FID_BODY [131]
-----------------------------------------------
                0.00    0.00       3/3           work_loop [8]
[132]    0.0    0.00    0.00       3         WL_FID_IO_ARGS [132]
                0.00    0.00       3/3018        heap_alloc_miss [78]
-----------------------------------------------
                0.00    0.00       3/3           work_loop [8]
[133]    0.0    0.00    0.00       3         WL_FID_IO_EMIT [133]
-----------------------------------------------
                0.00    0.00       3/3           work_loop [8]
[134]    0.0    0.00    0.00       3         WL_FID_IO_PASS_C463 [134]
-----------------------------------------------
                0.00    0.00       3/3           work_loop [8]
[135]    0.0    0.00    0.00       3         WL_FID_IO_TRY_C550 [135]
-----------------------------------------------
                0.00    0.00       3/3           work_loop [8]
[136]    0.0    0.00    0.00       3         WL_FID_IO_TRY_C551 [136]
-----------------------------------------------
                0.00    0.00       3/3           work_loop [8]
[137]    0.0    0.00    0.00       3         WL_FID_MAIN [137]
-----------------------------------------------
                0.00    0.00       3/3           work_loop [8]
[138]    0.0    0.00    0.00       3         WL_FID_MAIN_C1073 [138]
-----------------------------------------------
                0.00    0.00       3/3           work_loop [8]
[139]    0.0    0.00    0.00       3         WL_FID_MAIN_C1074 [139]
-----------------------------------------------
                0.00    0.00       3/3           work_loop [8]
[140]    0.0    0.00    0.00       3         WL_FID_MAIN_C1083 [140]
-----------------------------------------------
                0.00    0.00       3/3           work_loop [8]
[141]    0.0    0.00    0.00       3         WL_FID_MAIN_C1084 [141]
-----------------------------------------------
                0.00    0.00       3/3           work_loop [8]
[142]    0.0    0.00    0.00       3         WL_FID_MAIN_C1087 [142]
-----------------------------------------------
                0.00    0.00       3/3           work_loop [8]
[143]    0.0    0.00    0.00       3         WL_FID_MAIN_C1088 [143]
-----------------------------------------------
                0.00    0.00       3/3           work_loop [8]
[144]    0.0    0.00    0.00       3         WL_FID_MAIN_C1116 [144]
-----------------------------------------------
                0.00    0.00       3/3           work_loop [8]
[145]    0.0    0.00    0.00       3         WL_FID_MAIN_C1117 [145]
                0.00    0.00       3/3018        heap_alloc_miss [78]
-----------------------------------------------
                0.00    0.00       3/3           work_loop [8]
[146]    0.0    0.00    0.00       3         WL_FID_MAIN_C1119 [146]
-----------------------------------------------
                0.00    0.00       3/3           work_loop [8]
[147]    0.0    0.00    0.00       3         WL_FID_MAIN_C1120 [147]
-----------------------------------------------
                0.00    0.00       3/3           work_loop [8]
[148]    0.0    0.00    0.00       3         WL_FID_MAIN_C1121 [148]
-----------------------------------------------
                0.00    0.00       3/3           work_loop [8]
[149]    0.0    0.00    0.00       3         WL_FID_MAIN_C1122 [149]
-----------------------------------------------
                0.00    0.00       3/3           work_loop [8]
[150]    0.0    0.00    0.00       3         WL_FID_MAIN_C1123 [150]
-----------------------------------------------
                0.00    0.00       3/3           work_loop [8]
[151]    0.0    0.00    0.00       3         WL_FID_MAIN_C1128 [151]
-----------------------------------------------
                0.00    0.00       3/3           work_loop [8]
[152]    0.0    0.00    0.00       3         WL_FID_MAIN_C1129 [152]
-----------------------------------------------
                0.00    0.00       3/3           work_loop [8]
[153]    0.0    0.00    0.00       3         WL_FID_MAIN_C1166 [153]
-----------------------------------------------
                0.00    0.00       3/3           work_loop [8]
[154]    0.0    0.00    0.00       3         WL_FID_MAIN_C1167 [154]
-----------------------------------------------
                0.00    0.00       3/3           work_loop [8]
[155]    0.0    0.00    0.00       3         WL_FID_MAIN_C1169 [155]
-----------------------------------------------
                0.00    0.00       3/3           pool_work [1]
[156]    0.0    0.00    0.00       3         WL_FID_MAIN_C1170 [156]
-----------------------------------------------
                0.00    0.00       3/3           pool_work [1]
[157]    0.0    0.00    0.00       3         WL_FID_MAIN_C1171 [157]
-----------------------------------------------
                0.00    0.00       3/3           work_loop [8]
[158]    0.0    0.00    0.00       3         WL_FID_MAIN_C1172 [158]
-----------------------------------------------
                0.00    0.00       3/3           work_loop [8]
[159]    0.0    0.00    0.00       3         WL_FID_MAIN_C1174 [159]
-----------------------------------------------
                0.00    0.00       3/3           pool_work [1]
[160]    0.0    0.00    0.00       3         WL_FID_MAIN_C1175 [160]
-----------------------------------------------
                0.00    0.00       3/3           pool_work [1]
[161]    0.0    0.00    0.00       3         WL_FID_MAIN_C1176 [161]
-----------------------------------------------
                0.00    0.00       3/3           work_loop [8]
[162]    0.0    0.00    0.00       3         WL_FID_MAIN_C1178 [162]
-----------------------------------------------
                0.00    0.00       3/3           work_loop [8]
[163]    0.0    0.00    0.00       3         WL_FID_MAIN_C1179 [163]
-----------------------------------------------
                0.00    0.00       3/3           work_loop [8]
[164]    0.0    0.00    0.00       3         WL_FID_MAIN_K1076 [164]
                0.00    0.00       3/3018        heap_alloc_miss [78]
-----------------------------------------------
                0.00    0.00       3/3           work_loop [8]
[165]    0.0    0.00    0.00       3         WL_FID_MAIN_K1077 [165]
-----------------------------------------------
                0.00    0.00       3/3           work_loop [8]
[166]    0.0    0.00    0.00       3         WL_FID_MAIN_K1078 [166]
-----------------------------------------------
                0.00    0.00       3/3           work_loop [8]
[167]    0.0    0.00    0.00       3         WL_FID_MAIN_K1079 [167]
-----------------------------------------------
                0.00    0.00       3/3           work_loop [8]
[168]    0.0    0.00    0.00       3         WL_FID_MAIN_K1080 [168]
                0.00    0.00       3/3018        heap_alloc_miss [78]
-----------------------------------------------
                0.00    0.00       3/3           work_loop [8]
[169]    0.0    0.00    0.00       3         WL_FID_MAIN_K1081 [169]
-----------------------------------------------
                0.00    0.00       3/3           work_loop [8]
[170]    0.0    0.00    0.00       3         WL_FID_MAIN_K1082 [170]
-----------------------------------------------
                0.00    0.00       3/3           work_loop [8]
[171]    0.0    0.00    0.00       3         WL_FID_MAIN_K1085 [171]
-----------------------------------------------
                0.00    0.00       3/3           work_loop [8]
[172]    0.0    0.00    0.00       3         WL_FID_MAIN_K1086 [172]
-----------------------------------------------
                0.00    0.00       3/3           work_loop [8]
[173]    0.0    0.00    0.00       3         WL_FID_MAIN_K1089 [173]
-----------------------------------------------
                0.00    0.00       3/3           work_loop [8]
[174]    0.0    0.00    0.00       3         WL_FID_MAIN_K1090 [174]
-----------------------------------------------
                0.00    0.00       3/3           work_loop [8]
[175]    0.0    0.00    0.00       3         WL_FID_MAIN_K1091 [175]
-----------------------------------------------
                0.00    0.00       3/3           work_loop [8]
[176]    0.0    0.00    0.00       3         WL_FID_MAIN_K1092 [176]
-----------------------------------------------
                0.00    0.00       3/3           work_loop [8]
[177]    0.0    0.00    0.00       3         WL_FID_MAIN_K1093 [177]
-----------------------------------------------
                0.00    0.00       3/3           work_loop [8]
[178]    0.0    0.00    0.00       3         WL_FID_MAIN_K1094 [178]
-----------------------------------------------
                0.00    0.00       3/3           work_loop [8]
[179]    0.0    0.00    0.00       3         WL_FID_MAIN_K1095 [179]
-----------------------------------------------
                0.00    0.00       3/3           work_loop [8]
[180]    0.0    0.00    0.00       3         WL_FID_MAIN_K1096 [180]
-----------------------------------------------
                0.00    0.00       3/3           work_loop [8]
[181]    0.0    0.00    0.00       3         WL_FID_MAIN_K1097 [181]
                0.00    0.00       3/3           spin_248 [209]
-----------------------------------------------
                0.00    0.00       3/3           work_loop [8]
[182]    0.0    0.00    0.00       3         WL_FID_MAIN_K1118 [182]
-----------------------------------------------
                0.00    0.00       3/3           work_loop [8]
[183]    0.0    0.00    0.00       3         WL_FID_MAIN_K1124 [183]
-----------------------------------------------
                0.00    0.00       3/3           work_loop [8]
[184]    0.0    0.00    0.00       3         WL_FID_MAIN_K1125 [184]
-----------------------------------------------
                0.00    0.00       3/3           work_loop [8]
[185]    0.0    0.00    0.00       3         WL_FID_MAIN_K1126 [185]
-----------------------------------------------
                0.00    0.00       3/3           work_loop [8]
[186]    0.0    0.00    0.00       3         WL_FID_MAIN_K1127 [186]
-----------------------------------------------
                0.00    0.00       3/3           work_loop [8]
[187]    0.0    0.00    0.00       3         WL_FID_MAIN_K1130 [187]
-----------------------------------------------
                0.00    0.00       3/3           work_loop [8]
[188]    0.0    0.00    0.00       3         WL_FID_MAIN_K1131 [188]
-----------------------------------------------
                0.00    0.00       3/3           work_loop [8]
[189]    0.0    0.00    0.00       3         WL_FID_MAIN_K1132 [189]
-----------------------------------------------
                0.00    0.00       3/3           work_loop [8]
[190]    0.0    0.00    0.00       3         WL_FID_MAIN_K1168 [190]
-----------------------------------------------
                0.00    0.00       3/3           work_loop [8]
[191]    0.0    0.00    0.00       3         WL_FID_MAIN_K1173 [191]
-----------------------------------------------
                0.00    0.00       3/3           work_loop [8]
[192]    0.0    0.00    0.00       3         WL_FID_MAIN_K1180 [192]
-----------------------------------------------
                0.00    0.00       3/3           work_loop [8]
[193]    0.0    0.00    0.00       3         WL_FID_MAIN_K1181 [193]
-----------------------------------------------
                0.00    0.00       3/3           work_loop [8]
[194]    0.0    0.00    0.00       3         WL_FID_MAIN_K1182 [194]
-----------------------------------------------
                0.00    0.00       3/3           work_loop [8]
[195]    0.0    0.00    0.00       3         WL_FID_MAIN_K1183 [195]
-----------------------------------------------
                0.00    0.00       3/3           work_loop [8]
[196]    0.0    0.00    0.00       3         WL_FID_MAIN_K1184 [196]
-----------------------------------------------
                0.00    0.00       3/3           work_loop [8]
[197]    0.0    0.00    0.00       3         WL_FID_U32_POW [197]
-----------------------------------------------
                0.00    0.00       3/3           work_loop [8]
[198]    0.0    0.00    0.00       3         WL_FID_WINDOW_CLOSE [198]
-----------------------------------------------
                0.00    0.00       3/3           work_loop [8]
[199]    0.0    0.00    0.00       3         WL_FID_WINDOW_OPEN [199]
-----------------------------------------------
                0.00    0.00       3/3           work_loop [8]
[200]    0.0    0.00    0.00       3         WL_FID____ATELIER_ASSEMBLIES [200]
-----------------------------------------------
                0.00    0.00       3/3           work_loop [8]
[201]    0.0    0.00    0.00       3         WL_FID____ATELIER_BODY [201]
-----------------------------------------------
                0.00    0.00       3/3           work_loop [8]
[202]    0.0    0.00    0.00       3         WL_FID____ATELIER_BODY_K692 [202]
-----------------------------------------------
                0.00    0.00       3/3           work_loop [8]
[203]    0.0    0.00    0.00       3         WL_FID____ATELIER_BODY_K693 [203]
-----------------------------------------------
                0.00    0.00       3/3           work_loop [8]
[204]    0.0    0.00    0.00       3         WL_FID____DDA_GRID_BUILD [204]
-----------------------------------------------
                0.00    0.00       3/3           work_loop [8]
[205]    0.0    0.00    0.00       3         WL_FID____DDA_GRID_BUILD_K835 [205]
-----------------------------------------------
                0.00    0.00       3/3           work_loop [8]
[206]    0.0    0.00    0.00       3         WL_FID____MAIN_OPTIONS_ARGS [206]
-----------------------------------------------
                0.00    0.00       3/3           spin_248 [209]
[207]    0.0    0.00    0.00       3         ctr_take [207]
-----------------------------------------------
                0.00    0.00       3/3           io_loop [13]
[208]    0.0    0.00    0.00       3         io_spawn [208]
                0.00    0.00       3/24          io_mem [110]
-----------------------------------------------
                0.00    0.00       3/3           WL_FID_MAIN_K1097 [181]
[209]    0.0    0.00    0.00       3         spin_248 [209]
                0.00    0.00       9/18          spare_free [113]
                0.00    0.00       3/3           ctr_take [207]
-----------------------------------------------
                0.00    0.00       3/3           io_exec [17]
[210]    0.0    0.00    0.00       3         window_close_run [210]
-----------------------------------------------
                0.00    0.00       3/3           io_exec [17]
[211]    0.0    0.00    0.00       3         window_open_run [211]
                0.00    0.00       6/24          io_mem [110]
                0.00    0.00       3/9           io_cbuf [123]
-----------------------------------------------

Index by function name

 [131] WL_FID_BODY (accepted.c) [171] WL_FID_MAIN_K1085 (accepted.c) [39] WL_FID____DDA_GRID_PAINT (accepted.c)
  [40] WL_FID_CLO_APPLY (accepted.c) [172] WL_FID_MAIN_K1086 (accepted.c) [77] WL_FID____DDA_GRID_PAINT_K669 (accepted.c)
  [34] WL_FID_ENTER (accepted.c) [173] WL_FID_MAIN_K1089 (accepted.c) [10] WL_FID____DDA_TREE_PAINT (accepted.c)
  [36] WL_FID_EXIT (accepted.c) [174] WL_FID_MAIN_K1090 (accepted.c) [25] WL_FID____DDA_TREE_PAINT_K516 (accepted.c)
  [93] WL_FID_FRAMES (accepted.c) [175] WL_FID_MAIN_K1091 (accepted.c) [29] WL_FID____DDA_TREE_PAINT_K517 (accepted.c)
 [124] WL_FID_FRAMES_C404 (accepted.c) [176] WL_FID_MAIN_K1092 (accepted.c) [206] WL_FID____MAIN_OPTIONS_ARGS (accepted.c)
  [95] WL_FID_FRAMES_C406 (accepted.c) [177] WL_FID_MAIN_K1093 (accepted.c) [68] WL_FID____MAIN_OPTIONS_ARGS_K958 (accepted.c)
  [43] WL_FID_FRAMES_C414 (accepted.c) [178] WL_FID_MAIN_K1094 (accepted.c) [127] WL_FID____MAIN_OPTIONS_DEPTH (accepted.c)
  [96] WL_FID_FRAMES_K405 (accepted.c) [179] WL_FID_MAIN_K1095 (accepted.c) [128] WL_FID____MAIN_OPTIONS_DEPTH_K854 (accepted.c)
  [97] WL_FID_FRAME_DRAWN_C407 (accepted.c) [180] WL_FID_MAIN_K1096 (accepted.c) [52] WL_FID____MAIN_OPTIONS_FLAG (accepted.c)
  [64] WL_FID_FRAME_DRAWN_C408 (accepted.c) [181] WL_FID_MAIN_K1097 (accepted.c) [88] WL_FID____MAIN_OPTIONS_FLAG_K952 (accepted.c)
  [98] WL_FID_FRAME_DRAWN_C410 (accepted.c) [182] WL_FID_MAIN_K1118 (accepted.c) [53] WL_FID____MAIN_OPTIONS_HAS (accepted.c)
  [99] WL_FID_FRAME_DRAWN_C411 (accepted.c) [183] WL_FID_MAIN_K1124 (accepted.c) [89] WL_FID____MAIN_OPTIONS_HAS_K955 (accepted.c)
 [100] WL_FID_FRAME_DRAWN_C412 (accepted.c) [184] WL_FID_MAIN_K1125 (accepted.c) [90] WL_FID____MAIN_OPTIONS_HAS_K956 (accepted.c)
 [101] WL_FID_FRAME_DRAWN_C413 (accepted.c) [185] WL_FID_MAIN_K1126 (accepted.c) [117] WL_FID____MAIN_OPTIONS_NUMBER (accepted.c)
 [102] WL_FID_FRAME_DRAWN_K409 (accepted.c) [186] WL_FID_MAIN_K1127 (accepted.c) [122] WL_FID____MAIN_OPTIONS_NUMBER_K945 (accepted.c)
 [103] WL_FID_IMAGE_DROP (accepted.c) [187] WL_FID_MAIN_K1130 (accepted.c) [26] WL_FID____RENDER_PIXEL_PRESENT (accepted.c)
  [30] WL_FID_IMAGE_FREE (accepted.c) [188] WL_FID_MAIN_K1131 (accepted.c) [32] _init
  [73] WL_FID_IMAGE_FREE_J69 (accepted.c) [189] WL_FID_MAIN_K1132 (accepted.c) [28] corpus_eval (accepted.c)
  [35] WL_FID_IMAGE_FREE_K69 (accepted.c) [190] WL_FID_MAIN_K1168 (accepted.c) [207] ctr_take (accepted.c)
  [74] WL_FID_IMAGE_FREE_K70 (accepted.c) [191] WL_FID_MAIN_K1173 (accepted.c) [78] heap_alloc_miss (accepted.c)
  [75] WL_FID_IMAGE_FREE_K71 (accepted.c) [192] WL_FID_MAIN_K1180 (accepted.c) [37] heap_hand (accepted.c)
  [76] WL_FID_IMAGE_FREE_K72 (accepted.c) [193] WL_FID_MAIN_K1181 (accepted.c) [56] io_args_run
 [132] WL_FID_IO_ARGS (accepted.c) [194] WL_FID_MAIN_K1182 (accepted.c) [123] io_cbuf (accepted.c)
  [83] WL_FID_IO_BIND (accepted.c) [195] WL_FID_MAIN_K1183 (accepted.c) [17] io_exec (accepted.c)
  [84] WL_FID_IO_BIND_C1070 (accepted.c) [196] WL_FID_MAIN_K1184 (accepted.c) [13] io_loop (accepted.c)
  [85] WL_FID_IO_BIND_K1071 (accepted.c) [120] WL_FID_NAT_SHOW (accepted.c) [110] io_mem (accepted.c)
 [133] WL_FID_IO_EMIT (accepted.c) [67] WL_FID_NAT_SHOW_FIN (accepted.c) [118] io_now_run
 [116] WL_FID_IO_NOW (accepted.c) [126] WL_FID_REQUIRE_C509 (accepted.c) [119] io_out (accepted.c)
 [134] WL_FID_IO_PASS_C463 (accepted.c) [61] WL_FID_SCENE_BUILD (accepted.c) [129] io_print_run
 [125] WL_FID_IO_PRINT (accepted.c) [70] WL_FID_SCENE_BUILD_K772 (accepted.c) [208] io_spawn (accepted.c)
  [86] WL_FID_IO_PURE (accepted.c) [104] WL_FID_SCENE_DRAW (accepted.c) [15] io_step (accepted.c)
 [135] WL_FID_IO_TRY_C550 (accepted.c) [105] WL_FID_SCENE_DRAW_K760 (accepted.c) [57] io_str (accepted.c)
 [136] WL_FID_IO_TRY_C551 (accepted.c) [60] WL_FID_STRING_APPEND (accepted.c) [94] io_sync (accepted.c)
 [137] WL_FID_MAIN (accepted.c) [58] WL_FID_STRING_APPEND_K758 (accepted.c) [9] monk_step (accepted.c)
 [138] WL_FID_MAIN_C1073 (accepted.c) [46] WL_FID_STRING_CMP (accepted.c) [108] pool_open (accepted.c)
 [139] WL_FID_MAIN_C1074 (accepted.c) [54] WL_FID_STRING_CMP_K688 (accepted.c) [130] pool_stack (accepted.c)
 [140] WL_FID_MAIN_C1083 (accepted.c) [80] WL_FID_STRING_EQ (accepted.c) [87] pool_turn (accepted.c)
 [141] WL_FID_MAIN_C1084 (accepted.c) [81] WL_FID_STRING_EQ_K947 (accepted.c) [33] rfc_wrap (accepted.c)
 [142] WL_FID_MAIN_C1087 (accepted.c) [82] WL_FID_STRING_ORDER (accepted.c) [23] span_fade (accepted.c)
 [143] WL_FID_MAIN_C1088 (accepted.c) [51] WL_FID_STRING_ORDER_K846 (accepted.c) [113] spare_free (accepted.c)
 [144] WL_FID_MAIN_C1116 (accepted.c) [197] WL_FID_U32_POW (accepted.c) [7] spin_102 (accepted.c)
 [145] WL_FID_MAIN_C1117 (accepted.c) [109] WL_FID_U32_POW_K671 (accepted.c) [4] spin_141 (accepted.c)
 [146] WL_FID_MAIN_C1119 (accepted.c) [62] WL_FID_U32_READ (accepted.c) [12] spin_161 (accepted.c)
 [147] WL_FID_MAIN_C1120 (accepted.c) [66] WL_FID_U32_READ_GO (accepted.c) [3] spin_181 (accepted.c)
 [148] WL_FID_MAIN_C1121 (accepted.c) [198] WL_FID_WINDOW_CLOSE (accepted.c) [24] spin_182 (accepted.c)
 [149] WL_FID_MAIN_C1122 (accepted.c) [106] WL_FID_WINDOW_FRAME (accepted.c) [31] spin_218 (accepted.c)
 [150] WL_FID_MAIN_C1123 (accepted.c) [199] WL_FID_WINDOW_OPEN (accepted.c) [45] spin_220 (accepted.c)
 [151] WL_FID_MAIN_C1128 (accepted.c) [200] WL_FID____ATELIER_ASSEMBLIES (accepted.c) [50] spin_221 (accepted.c)
 [152] WL_FID_MAIN_C1129 (accepted.c) [111] WL_FID____ATELIER_ASSEMBLIES_K539 (accepted.c) [48] spin_222 (accepted.c)
 [153] WL_FID_MAIN_C1166 (accepted.c) [201] WL_FID____ATELIER_BODY (accepted.c) [65] spin_223 (accepted.c)
 [154] WL_FID_MAIN_C1167 (accepted.c) [202] WL_FID____ATELIER_BODY_K692 (accepted.c) [63] spin_224 (accepted.c)
 [155] WL_FID_MAIN_C1169 (accepted.c) [203] WL_FID____ATELIER_BODY_K693 (accepted.c) [59] spin_225 (accepted.c)
 [156] WL_FID_MAIN_C1170 (accepted.c) [112] WL_FID____ATELIER_CUBOIDS (accepted.c) [71] spin_235 (accepted.c)
 [157] WL_FID_MAIN_C1171 (accepted.c) [41] WL_FID____ATELIER_CUBOIDS_K359 (accepted.c) [209] spin_248 (accepted.c)
 [158] WL_FID_MAIN_C1172 (accepted.c) [44] WL_FID____ATELIER_GENERATE (accepted.c) [91] spin_5 (accepted.c)
 [159] WL_FID_MAIN_C1174 (accepted.c) [49] WL_FID____ATELIER_GENERATE_K535 (accepted.c) [6] spin_61 (accepted.c)
 [160] WL_FID_MAIN_C1175 (accepted.c) [47] WL_FID____ATELIER_GENERATE_K536 (accepted.c) [114] spin_74 (accepted.c)
 [161] WL_FID_MAIN_C1176 (accepted.c) [55] WL_FID____ATELIER_GENERATE_K537 (accepted.c) [115] spin_82 (accepted.c)
  [69] WL_FID_MAIN_C1177 (accepted.c) [121] WL_FID____ATELIER_TRANSLATE (accepted.c) [92] spin_83 (accepted.c)
 [162] WL_FID_MAIN_C1178 (accepted.c) [42] WL_FID____ATELIER_TRANSLATE_K354 (accepted.c) [79] spin_85 (accepted.c)
 [163] WL_FID_MAIN_C1179 (accepted.c) [107] WL_FID____DDA_FRAME_FORK (accepted.c) [5] spin_99 (accepted.c)
  [72] WL_FID_MAIN_K1075 (accepted.c) [2] WL_FID____DDA_FRAME_SEQ (accepted.c) [11] term_drop (accepted.c)
 [164] WL_FID_MAIN_K1076 (accepted.c) [16] WL_FID____DDA_FRAME_SEQ_K428 (accepted.c) [210] window_close_run
 [165] WL_FID_MAIN_K1077 (accepted.c) [21] WL_FID____DDA_FRAME_SEQ_K429 (accepted.c) [18] window_frame (accepted.c)
 [166] WL_FID_MAIN_K1078 (accepted.c) [22] WL_FID____DDA_FRAME_SEQ_K430 (accepted.c) [19] window_frame_run
 [167] WL_FID_MAIN_K1079 (accepted.c) [27] WL_FID____DDA_FRAME_SEQ_K431 (accepted.c) [211] window_open_run
 [168] WL_FID_MAIN_K1080 (accepted.c) [204] WL_FID____DDA_GRID_BUILD (accepted.c) [20] window_sq (accepted.c)
 [169] WL_FID_MAIN_K1081 (accepted.c) [38] WL_FID____DDA_GRID_BUILD_K834 (accepted.c) [8] work_loop (accepted.c)
 [170] WL_FID_MAIN_K1082 (accepted.c) [205] WL_FID____DDA_GRID_BUILD_K835 (accepted.c)
