Flat profile:

Each sample counts as 0.01 seconds.
  %   cumulative   self              self     total           
 time   seconds   seconds    calls  ms/call  ms/call  name    
 36.90     16.26    16.26 183589584     0.00     0.00  spin_102
 33.84     31.17    14.91 513020016     0.00     0.00  spin_45
 18.34     39.25     8.08 171006672     0.00     0.00  spin_99
  1.84     40.06     0.81 12582912     0.00     0.00  WL_FID____DDA_FRAME_SEQ
  1.84     40.87     0.81 12582912     0.00     0.00  spin_141
  1.32     41.45     0.58 12582912     0.00     0.00  spin_181
  1.29     42.02     0.57 14306850     0.00     0.00  term_drop
  0.75     42.35     0.33  4194288     0.00     0.00  WL_FID____DDA_FRAME_SEQ_K428
  0.61     42.62     0.27 12582912     0.00     0.00  WL_FID____RENDER_PIXEL_PRESENT
  0.61     42.89     0.27  4194288     0.00     0.00  WL_FID____DDA_FRAME_SEQ_K429
  0.57     43.14     0.25       48     5.21     5.21  window_sq
  0.52     43.37     0.23  4194288     0.00     0.00  WL_FID____DDA_FRAME_SEQ_K430
  0.32     43.51     0.14  3961140     0.00     0.00  WL_FID____DDA_TREE_PAINT
  0.30     43.64     0.13  7910076     0.00     0.00  spin_161
  0.30     43.77     0.13  4194288     0.00     0.00  WL_FID____DDA_FRAME_SEQ_K431
  0.18     43.85     0.08 37748736     0.00     0.00  spin_182
  0.14     43.91     0.06  3483390     0.00     0.00  span_fade
  0.11     43.96     0.05  3955038     0.00     0.00  WL_FID____DDA_TREE_PAINT_K516
  0.05     43.98     0.02  3955038     0.00     0.00  spin_218
  0.05     44.00     0.02   802800     0.00     0.00  WL_FID_IMAGE_FREE
  0.05     44.02     0.02                             _init
  0.02     44.03     0.01  3955038     0.00     0.00  WL_FID____DDA_TREE_PAINT_K517
  0.02     44.04     0.01   860160     0.00     0.01  monk_step
  0.02     44.05     0.01     6105     0.00     0.00  WL_FID____DDA_GRID_PAINT
  0.02     44.06     0.01                             pool_work
  0.00     44.06     0.00  3879483     0.00     0.00  rfc_wrap
  0.00     44.06     0.00   262128     0.00     0.00  WL_FID_IMAGE_FREE_J69
  0.00     44.06     0.00   245760     0.00     0.00  WL_FID_IMAGE_FREE_K69
  0.00     44.06     0.00   245760     0.00     0.00  WL_FID_IMAGE_FREE_K70
  0.00     44.06     0.00   245760     0.00     0.00  WL_FID_IMAGE_FREE_K71
  0.00     44.06     0.00   245760     0.00     0.00  WL_FID_IMAGE_FREE_K72
  0.00     44.06     0.00    82149     0.00     0.00  WL_FID_ENTER
  0.00     44.06     0.00    65973     0.00     0.00  WL_FID_EXIT
  0.00     44.06     0.00    16545     0.00     0.38  work_loop
  0.00     44.06     0.00     6102     0.00     0.00  WL_FID____ATELIER_CUBOIDS_K359
  0.00     44.06     0.00     6102     0.00     0.00  WL_FID____DDA_GRID_PAINT_K669
  0.00     44.06     0.00     6003     0.00     0.00  WL_FID____ATELIER_TRANSLATE_K354
  0.00     44.06     0.00     2886     0.00     0.00  heap_alloc_miss
  0.00     44.06     0.00      900     0.00     0.00  spin_85
  0.00     44.06     0.00      846     0.00     0.00  heap_hand
  0.00     44.06     0.00      750     0.00     0.00  WL_FID_CLO_APPLY
  0.00     44.06     0.00      300     0.00     0.00  WL_FID_STRING_CMP_K688
  0.00     44.06     0.00      234     0.00     0.00  WL_FID_STRING_CMP
  0.00     44.06     0.00      234     0.00     0.00  WL_FID_STRING_EQ
  0.00     44.06     0.00      234     0.00     0.00  WL_FID_STRING_EQ_K947
  0.00     44.06     0.00      234     0.00     0.00  WL_FID_STRING_ORDER
  0.00     44.06     0.00      234     0.00     0.00  WL_FID_STRING_ORDER_K846
  0.00     44.06     0.00      186     0.00     0.00  WL_FID_IO_BIND
  0.00     44.06     0.00      186     0.00     0.00  WL_FID_IO_BIND_C1070
  0.00     44.06     0.00      186     0.00     0.00  WL_FID_IO_BIND_K1071
  0.00     44.06     0.00      138     0.00     0.00  WL_FID____MAIN_OPTIONS_FLAG
  0.00     44.06     0.00      126     0.00     0.00  WL_FID_STRING_APPEND_K758
  0.00     44.06     0.00      120     0.00     0.00  WL_FID____MAIN_OPTIONS_HAS
  0.00     44.06     0.00      117     0.00     0.00  WL_FID____MAIN_OPTIONS_FLAG_K952
  0.00     44.06     0.00      114     0.00     0.00  WL_FID_IO_PURE
  0.00     44.06     0.00      105     0.00     0.00  WL_FID____MAIN_OPTIONS_HAS_K955
  0.00     44.06     0.00      105     0.00     0.00  WL_FID____MAIN_OPTIONS_HAS_K956
  0.00     44.06     0.00       96     0.00     0.00  pool_turn
  0.00     44.06     0.00       90     0.00     0.00  spin_5
  0.00     44.06     0.00       90     0.00     0.00  spin_83
  0.00     44.06     0.00       81     0.00     1.06  corpus_eval
  0.00     44.06     0.00       75     0.00     3.33  io_exec
  0.00     44.06     0.00       54     0.00     0.00  WL_FID_FRAMES
  0.00     44.06     0.00       51     0.00     0.00  io_sync
  0.00     44.06     0.00       48     0.00     0.00  WL_FID_FRAMES_C406
  0.00     44.06     0.00       48     0.00     0.00  WL_FID_FRAMES_C414
  0.00     44.06     0.00       48     0.00     0.00  WL_FID_FRAMES_K405
  0.00     44.06     0.00       48     0.00     0.00  WL_FID_FRAME_DRAWN_C407
  0.00     44.06     0.00       48     0.00     0.00  WL_FID_FRAME_DRAWN_C408
  0.00     44.06     0.00       48     0.00     0.00  WL_FID_FRAME_DRAWN_C410
  0.00     44.06     0.00       48     0.00     0.00  WL_FID_FRAME_DRAWN_C411
  0.00     44.06     0.00       48     0.00     0.00  WL_FID_FRAME_DRAWN_C412
  0.00     44.06     0.00       48     0.00     0.00  WL_FID_FRAME_DRAWN_C413
  0.00     44.06     0.00       48     0.00     0.00  WL_FID_FRAME_DRAWN_K409
  0.00     44.06     0.00       48     0.00     0.00  WL_FID_IMAGE_DROP
  0.00     44.06     0.00       48     0.00     0.00  WL_FID_SCENE_DRAW
  0.00     44.06     0.00       48     0.00     0.00  WL_FID_SCENE_DRAW_K760
  0.00     44.06     0.00       48     0.00     0.00  WL_FID_WINDOW_FRAME
  0.00     44.06     0.00       48     0.00     0.00  WL_FID____DDA_FRAME_FORK
  0.00     44.06     0.00       48     0.00     0.00  pool_open
  0.00     44.06     0.00       48     0.00     5.21  window_frame
  0.00     44.06     0.00       48     0.00     5.21  window_frame_run
  0.00     44.06     0.00       27     0.00     0.00  WL_FID_U32_POW_K671
  0.00     44.06     0.00       22     0.00     0.00  io_mem
  0.00     44.06     0.00       21     0.00     0.00  WL_FID____MAIN_OPTIONS_ARGS_K958
  0.00     44.06     0.00       21     0.00     0.00  io_str
  0.00     44.06     0.00       18     0.00     0.00  WL_FID_STRING_APPEND
  0.00     44.06     0.00       18     0.00     0.00  WL_FID____ATELIER_ASSEMBLIES_K539
  0.00     44.06     0.00       18     0.00     0.00  WL_FID____ATELIER_CUBOIDS
  0.00     44.06     0.00       18     0.00     0.00  spare_free
  0.00     44.06     0.00       15     0.00     0.00  spin_74
  0.00     44.06     0.00       15     0.00     0.00  spin_82
  0.00     44.06     0.00       12     0.00     0.00  WL_FID_IO_NOW
  0.00     44.06     0.00       12     0.00     0.00  WL_FID____MAIN_OPTIONS_NUMBER
  0.00     44.06     0.00       12     0.00     0.00  io_now_run
  0.00     44.06     0.00       12     0.00     0.00  io_out
  0.00     44.06     0.00        9     0.00     0.00  WL_FID_NAT_SHOW
  0.00     44.06     0.00        9     0.00     0.00  WL_FID_NAT_SHOW_FIN
  0.00     44.06     0.00        9     0.00     0.00  WL_FID_U32_READ
  0.00     44.06     0.00        9     0.00     0.00  WL_FID_U32_READ_GO
  0.00     44.06     0.00        9     0.00     0.00  WL_FID____ATELIER_TRANSLATE
  0.00     44.06     0.00        9     0.00     0.00  WL_FID____MAIN_OPTIONS_NUMBER_K945
  0.00     44.06     0.00        9     0.00     0.00  io_cbuf
  0.00     44.06     0.00        6     0.00     0.00  WL_FID_FRAMES_C404
  0.00     44.06     0.00        6     0.00     0.00  WL_FID_IO_PRINT
  0.00     44.06     0.00        6     0.00     0.00  WL_FID_REQUIRE_C509
  0.00     44.06     0.00        6     0.00     0.00  WL_FID____MAIN_OPTIONS_DEPTH
  0.00     44.06     0.00        6     0.00     0.00  WL_FID____MAIN_OPTIONS_DEPTH_K854
  0.00     44.06     0.00        6     0.00     0.00  io_print_run
  0.00     44.06     0.00        6     0.00     0.00  pool_stack
  0.00     44.06     0.00        3     0.00     0.00  WL_FID_BODY
  0.00     44.06     0.00        3     0.00     0.00  WL_FID_IO_ARGS
  0.00     44.06     0.00        3     0.00     0.00  WL_FID_IO_EMIT
  0.00     44.06     0.00        3     0.00     0.00  WL_FID_IO_PASS_C463
  0.00     44.06     0.00        3     0.00     0.00  WL_FID_IO_TRY_C550
  0.00     44.06     0.00        3     0.00     0.00  WL_FID_IO_TRY_C551
  0.00     44.06     0.00        3     0.00     0.00  WL_FID_MAIN
  0.00     44.06     0.00        3     0.00     0.00  WL_FID_MAIN_C1073
  0.00     44.06     0.00        3     0.00     0.00  WL_FID_MAIN_C1074
  0.00     44.06     0.00        3     0.00     0.00  WL_FID_MAIN_C1083
  0.00     44.06     0.00        3     0.00     0.00  WL_FID_MAIN_C1084
  0.00     44.06     0.00        3     0.00     0.00  WL_FID_MAIN_C1087
  0.00     44.06     0.00        3     0.00     0.00  WL_FID_MAIN_C1088
  0.00     44.06     0.00        3     0.00     0.00  WL_FID_MAIN_C1116
  0.00     44.06     0.00        3     0.00     0.00  WL_FID_MAIN_C1117
  0.00     44.06     0.00        3     0.00     0.00  WL_FID_MAIN_C1119
  0.00     44.06     0.00        3     0.00     0.00  WL_FID_MAIN_C1120
  0.00     44.06     0.00        3     0.00     0.00  WL_FID_MAIN_C1121
  0.00     44.06     0.00        3     0.00     0.00  WL_FID_MAIN_C1122
  0.00     44.06     0.00        3     0.00     0.00  WL_FID_MAIN_C1123
  0.00     44.06     0.00        3     0.00     0.00  WL_FID_MAIN_C1128
  0.00     44.06     0.00        3     0.00     0.00  WL_FID_MAIN_C1129
  0.00     44.06     0.00        3     0.00     0.00  WL_FID_MAIN_C1166
  0.00     44.06     0.00        3     0.00     0.00  WL_FID_MAIN_C1167
  0.00     44.06     0.00        3     0.00     0.00  WL_FID_MAIN_C1169
  0.00     44.06     0.00        3     0.00     0.00  WL_FID_MAIN_C1170
  0.00     44.06     0.00        3     0.00     0.00  WL_FID_MAIN_C1171
  0.00     44.06     0.00        3     0.00     0.00  WL_FID_MAIN_C1172
  0.00     44.06     0.00        3     0.00     0.00  WL_FID_MAIN_C1174
  0.00     44.06     0.00        3     0.00     0.00  WL_FID_MAIN_C1175
  0.00     44.06     0.00        3     0.00     0.00  WL_FID_MAIN_C1176
  0.00     44.06     0.00        3     0.00     0.00  WL_FID_MAIN_C1177
  0.00     44.06     0.00        3     0.00     0.00  WL_FID_MAIN_C1178
  0.00     44.06     0.00        3     0.00     0.00  WL_FID_MAIN_C1179
  0.00     44.06     0.00        3     0.00     0.00  WL_FID_MAIN_K1075
  0.00     44.06     0.00        3     0.00     0.00  WL_FID_MAIN_K1076
  0.00     44.06     0.00        3     0.00     0.00  WL_FID_MAIN_K1077
  0.00     44.06     0.00        3     0.00     0.00  WL_FID_MAIN_K1078
  0.00     44.06     0.00        3     0.00     0.00  WL_FID_MAIN_K1079
  0.00     44.06     0.00        3     0.00     0.00  WL_FID_MAIN_K1080
  0.00     44.06     0.00        3     0.00     0.00  WL_FID_MAIN_K1081
  0.00     44.06     0.00        3     0.00     0.00  WL_FID_MAIN_K1082
  0.00     44.06     0.00        3     0.00     0.00  WL_FID_MAIN_K1085
  0.00     44.06     0.00        3     0.00     0.00  WL_FID_MAIN_K1086
  0.00     44.06     0.00        3     0.00     0.00  WL_FID_MAIN_K1089
  0.00     44.06     0.00        3     0.00     0.00  WL_FID_MAIN_K1090
  0.00     44.06     0.00        3     0.00     0.00  WL_FID_MAIN_K1091
  0.00     44.06     0.00        3     0.00     0.00  WL_FID_MAIN_K1092
  0.00     44.06     0.00        3     0.00     0.00  WL_FID_MAIN_K1093
  0.00     44.06     0.00        3     0.00     0.00  WL_FID_MAIN_K1094
  0.00     44.06     0.00        3     0.00     0.00  WL_FID_MAIN_K1095
  0.00     44.06     0.00        3     0.00     0.00  WL_FID_MAIN_K1096
  0.00     44.06     0.00        3     0.00     0.00  WL_FID_MAIN_K1097
  0.00     44.06     0.00        3     0.00     0.00  WL_FID_MAIN_K1118
  0.00     44.06     0.00        3     0.00     0.00  WL_FID_MAIN_K1124
  0.00     44.06     0.00        3     0.00     0.00  WL_FID_MAIN_K1125
  0.00     44.06     0.00        3     0.00     0.00  WL_FID_MAIN_K1126
  0.00     44.06     0.00        3     0.00     0.00  WL_FID_MAIN_K1127
  0.00     44.06     0.00        3     0.00     0.00  WL_FID_MAIN_K1130
  0.00     44.06     0.00        3     0.00     0.00  WL_FID_MAIN_K1131
  0.00     44.06     0.00        3     0.00     0.00  WL_FID_MAIN_K1132
  0.00     44.06     0.00        3     0.00     0.00  WL_FID_MAIN_K1168
  0.00     44.06     0.00        3     0.00     0.00  WL_FID_MAIN_K1173
  0.00     44.06     0.00        3     0.00     0.00  WL_FID_MAIN_K1180
  0.00     44.06     0.00        3     0.00     0.00  WL_FID_MAIN_K1181
  0.00     44.06     0.00        3     0.00     0.00  WL_FID_MAIN_K1182
  0.00     44.06     0.00        3     0.00     0.00  WL_FID_MAIN_K1183
  0.00     44.06     0.00        3     0.00     0.00  WL_FID_MAIN_K1184
  0.00     44.06     0.00        3     0.00     0.00  WL_FID_SCENE_BUILD
  0.00     44.06     0.00        3     0.00     0.00  WL_FID_SCENE_BUILD_K772
  0.00     44.06     0.00        3     0.00     0.00  WL_FID_U32_POW
  0.00     44.06     0.00        3     0.00     0.00  WL_FID_WINDOW_CLOSE
  0.00     44.06     0.00        3     0.00     0.00  WL_FID_WINDOW_OPEN
  0.00     44.06     0.00        3     0.00     0.00  WL_FID____ATELIER_ASSEMBLIES
  0.00     44.06     0.00        3     0.00     0.00  WL_FID____ATELIER_BODY
  0.00     44.06     0.00        3     0.00     0.00  WL_FID____ATELIER_BODY_K692
  0.00     44.06     0.00        3     0.00     0.00  WL_FID____ATELIER_BODY_K693
  0.00     44.06     0.00        3     0.00     0.00  WL_FID____ATELIER_GENERATE
  0.00     44.06     0.00        3     0.00     0.00  WL_FID____ATELIER_GENERATE_K535
  0.00     44.06     0.00        3     0.00     0.00  WL_FID____ATELIER_GENERATE_K536
  0.00     44.06     0.00        3     0.00     0.00  WL_FID____ATELIER_GENERATE_K537
  0.00     44.06     0.00        3     0.00     0.00  WL_FID____DDA_GRID_BUILD
  0.00     44.06     0.00        3     0.00     0.12  WL_FID____DDA_GRID_BUILD_K834
  0.00     44.06     0.00        3     0.00     0.00  WL_FID____DDA_GRID_BUILD_K835
  0.00     44.06     0.00        3     0.00     0.00  WL_FID____MAIN_OPTIONS_ARGS
  0.00     44.06     0.00        3     0.00     0.00  ctr_take
  0.00     44.06     0.00        3     0.00     0.00  io_args_run
  0.00     44.06     0.00        3     0.00   111.91  io_loop
  0.00     44.06     0.00        3     0.00     0.00  io_spawn
  0.00     44.06     0.00        3     0.00   110.85  io_step
  0.00     44.06     0.00        3     0.00     0.00  spin_220
  0.00     44.06     0.00        3     0.00     0.00  spin_221
  0.00     44.06     0.00        3     0.00     0.00  spin_222
  0.00     44.06     0.00        3     0.00     0.00  spin_223
  0.00     44.06     0.00        3     0.00     0.00  spin_224
  0.00     44.06     0.00        3     0.00     0.00  spin_225
  0.00     44.06     0.00        3     0.00     0.00  spin_235
  0.00     44.06     0.00        3     0.00     0.00  spin_248
  0.00     44.06     0.00        3     0.00     0.00  window_close_run
  0.00     44.06     0.00        3     0.00     0.00  window_open_run

			Call graph


granularity: each sample hit covers 4 byte(s) for 0.02% of 44.06 seconds

index % time    self  children    called     name
                                                 <spontaneous>
[1]     99.2    0.01   43.69                 pool_work [1]
                0.71   35.63 11010048/12582912     WL_FID____DDA_FRAME_SEQ [2]
                0.01    6.22  860160/860160      monk_step [9]
                0.29    0.00 3670002/4194288     WL_FID____DDA_FRAME_SEQ_K428 [16]
                0.24    0.00 11010048/12582912     WL_FID____RENDER_PIXEL_PRESENT [17]
                0.24    0.00 3670002/4194288     WL_FID____DDA_FRAME_SEQ_K429 [18]
                0.20    0.00 3670002/4194288     WL_FID____DDA_FRAME_SEQ_K430 [23]
                0.11    0.00 3670002/4194288     WL_FID____DDA_FRAME_SEQ_K431 [26]
                0.02    0.03  786432/802800      WL_FID_IMAGE_FREE [29]
                0.00    0.00  262128/262128      WL_FID_IMAGE_FREE_J69 [48]
                0.00    0.00  245760/245760      WL_FID_IMAGE_FREE_K69 [49]
                0.00    0.00  245760/245760      WL_FID_IMAGE_FREE_K70 [50]
                0.00    0.00  245760/245760      WL_FID_IMAGE_FREE_K71 [51]
                0.00    0.00  245760/245760      WL_FID_IMAGE_FREE_K72 [52]
                0.00    0.00   65802/65973       WL_FID_EXIT [54]
                0.00    0.00   65604/82149       WL_FID_ENTER [53]
                0.00    0.00     492/750         WL_FID_CLO_APPLY [61]
                0.00    0.00     150/186         WL_FID_IO_BIND_K1071 [68]
                0.00    0.00     138/186         WL_FID_IO_BIND [66]
                0.00    0.00     102/114         WL_FID_IO_PURE [71]
                0.00    0.00     102/186         WL_FID_IO_BIND_C1070 [67]
                0.00    0.00      48/48          WL_FID_FRAME_DRAWN_K409 [87]
                0.00    0.00      48/48          WL_FID_FRAME_DRAWN_C410 [83]
                0.00    0.00      48/48          WL_FID_FRAME_DRAWN_C411 [84]
                0.00    0.00      48/48          WL_FID_FRAME_DRAWN_C412 [85]
                0.00    0.00      48/48          WL_FID_FRAME_DRAWN_C413 [86]
                0.00    0.00      48/48          WL_FID_FRAMES_C414 [80]
                0.00    0.00      48/54          WL_FID_FRAMES [77]
                0.00    0.00      42/48          WL_FID_SCENE_DRAW [89]
                0.00    0.00      42/48          WL_FID____DDA_FRAME_FORK [92]
                0.00    0.00      42/48          WL_FID_SCENE_DRAW_K760 [90]
                0.00    0.00      42/48          WL_FID_FRAMES_K405 [81]
                0.00    0.00      42/48          WL_FID_FRAMES_C406 [79]
                0.00    0.00      42/48          WL_FID_FRAME_DRAWN_C407 [82]
                0.00    0.00      42/48          WL_FID_WINDOW_FRAME [91]
                0.00    0.00       6/6           WL_FID_FRAMES_C404 [112]
                0.00    0.00       6/12          WL_FID_IO_NOW [103]
                0.00    0.00       3/6           pool_stack [118]
                0.00    0.00       3/3           WL_FID_MAIN_C1170 [144]
                0.00    0.00       3/3           WL_FID_MAIN_C1171 [145]
                0.00    0.00       3/3           WL_FID_MAIN_C1175 [148]
                0.00    0.00       3/3           WL_FID_MAIN_C1176 [149]
-----------------------------------------------
                0.10    5.09 1572864/12582912     work_loop [8]
                0.71   35.63 11010048/12582912     pool_work [1]
[2]     94.3    0.81   40.72 12582912         WL_FID____DDA_FRAME_SEQ [2]
                0.58   40.14 12582912/12582912     spin_181 [3]
-----------------------------------------------
                0.58   40.14 12582912/12582912     WL_FID____DDA_FRAME_SEQ [2]
[3]     92.4    0.58   40.14 12582912         spin_181 [3]
                0.81   38.14 12582912/12582912     spin_141 [4]
                1.11    0.00 12582912/183589584     spin_102 [6]
                0.08    0.00 37748736/37748736     spin_182 [28]
-----------------------------------------------
                0.81   38.14 12582912/12582912     spin_181 [3]
[4]     88.4    0.81   38.14 12582912         spin_141 [4]
                8.08   14.91 171006672/171006672     spin_99 [5]
               15.15    0.00 171006672/183589584     spin_102 [6]
-----------------------------------------------
                8.08   14.91 171006672/171006672     spin_141 [4]
[5]     52.2    8.08   14.91 171006672         spin_99 [5]
               14.91    0.00 513020016/513020016     spin_45 [7]
-----------------------------------------------
                1.11    0.00 12582912/183589584     spin_181 [3]
               15.15    0.00 171006672/183589584     spin_141 [4]
[6]     36.9   16.26    0.00 183589584         spin_102 [6]
-----------------------------------------------
               14.91    0.00 513020016/513020016     spin_99 [5]
[7]     33.8   14.91    0.00 513020016         spin_45 [7]
-----------------------------------------------
                0.00    0.09     225/16545       corpus_eval [27]
                0.00    6.22   16320/16545       monk_step [9]
[8]     14.3    0.00    6.30   16545         work_loop [8]
                0.10    5.09 1572864/12582912     WL_FID____DDA_FRAME_SEQ [2]
                0.14    0.58 3961140/3961140     WL_FID____DDA_TREE_PAINT [10]
                0.05    0.14 3955038/3955038     WL_FID____DDA_TREE_PAINT_K516 [25]
                0.04    0.00  524286/4194288     WL_FID____DDA_FRAME_SEQ_K428 [16]
                0.01    0.02 3955038/3955038     WL_FID____DDA_TREE_PAINT_K517 [30]
                0.03    0.00 1572864/12582912     WL_FID____RENDER_PIXEL_PRESENT [17]
                0.03    0.00  524286/4194288     WL_FID____DDA_FRAME_SEQ_K429 [18]
                0.03    0.00  524286/4194288     WL_FID____DDA_FRAME_SEQ_K430 [23]
                0.02    0.00  524286/4194288     WL_FID____DDA_FRAME_SEQ_K431 [26]
                0.01    0.00    6105/6105        WL_FID____DDA_GRID_PAINT [33]
                0.00    0.00   16368/802800      WL_FID_IMAGE_FREE [29]
                0.00    0.00       3/3           WL_FID____DDA_GRID_BUILD_K834 [34]
                0.00    0.00     234/234         WL_FID_STRING_CMP [35]
                0.00    0.00     234/234         WL_FID_STRING_ORDER_K846 [36]
                0.00    0.00     138/138         WL_FID____MAIN_OPTIONS_FLAG [37]
                0.00    0.00     120/120         WL_FID____MAIN_OPTIONS_HAS [38]
                0.00    0.00      18/18          WL_FID_STRING_APPEND [39]
                0.00    0.00       3/3           WL_FID_SCENE_BUILD [40]
                0.00    0.00       9/9           WL_FID_U32_READ [41]
                0.00    0.00       9/9           WL_FID_U32_READ_GO [42]
                0.00    0.00      48/48          WL_FID_FRAME_DRAWN_C408 [43]
                0.00    0.00       3/3           WL_FID_SCENE_BUILD_K772 [45]
                0.00    0.00       3/3           WL_FID_MAIN_C1177 [44]
                0.00    0.00   16545/82149       WL_FID_ENTER [53]
                0.00    0.00    6102/6102        WL_FID____ATELIER_CUBOIDS_K359 [55]
                0.00    0.00    6102/6102        WL_FID____DDA_GRID_PAINT_K669 [56]
                0.00    0.00    6003/6003        WL_FID____ATELIER_TRANSLATE_K354 [57]
                0.00    0.00     300/300         WL_FID_STRING_CMP_K688 [62]
                0.00    0.00     258/750         WL_FID_CLO_APPLY [61]
                0.00    0.00     234/234         WL_FID_STRING_EQ [63]
                0.00    0.00     234/234         WL_FID_STRING_ORDER [65]
                0.00    0.00     234/234         WL_FID_STRING_EQ_K947 [64]
                0.00    0.00     171/65973       WL_FID_EXIT [54]
                0.00    0.00     126/126         WL_FID_STRING_APPEND_K758 [69]
                0.00    0.00     117/117         WL_FID____MAIN_OPTIONS_FLAG_K952 [70]
                0.00    0.00     105/105         WL_FID____MAIN_OPTIONS_HAS_K955 [72]
                0.00    0.00     105/105         WL_FID____MAIN_OPTIONS_HAS_K956 [73]
                0.00    0.00      84/186         WL_FID_IO_BIND_C1070 [67]
                0.00    0.00      48/48          WL_FID_IMAGE_DROP [88]
                0.00    0.00      48/186         WL_FID_IO_BIND [66]
                0.00    0.00      36/186         WL_FID_IO_BIND_K1071 [68]
                0.00    0.00      27/27          WL_FID_U32_POW_K671 [94]
                0.00    0.00      21/21          WL_FID____MAIN_OPTIONS_ARGS_K958 [96]
                0.00    0.00      18/18          WL_FID____ATELIER_ASSEMBLIES_K539 [98]
                0.00    0.00      18/18          WL_FID____ATELIER_CUBOIDS [99]
                0.00    0.00      12/12          WL_FID____MAIN_OPTIONS_NUMBER [104]
                0.00    0.00      12/114         WL_FID_IO_PURE [71]
                0.00    0.00       9/9           WL_FID____ATELIER_TRANSLATE [109]
                0.00    0.00       9/9           WL_FID____MAIN_OPTIONS_NUMBER_K945 [110]
                0.00    0.00       9/9           WL_FID_NAT_SHOW [107]
                0.00    0.00       9/9           WL_FID_NAT_SHOW_FIN [108]
                0.00    0.00       6/6           WL_FID_REQUIRE_C509 [114]
                0.00    0.00       6/6           WL_FID____MAIN_OPTIONS_DEPTH [115]
                0.00    0.00       6/6           WL_FID____MAIN_OPTIONS_DEPTH_K854 [116]
                0.00    0.00       6/12          WL_FID_IO_NOW [103]
                0.00    0.00       6/54          WL_FID_FRAMES [77]
                0.00    0.00       6/48          WL_FID_SCENE_DRAW [89]
                0.00    0.00       6/48          WL_FID____DDA_FRAME_FORK [92]
                0.00    0.00       6/48          WL_FID_SCENE_DRAW_K760 [90]
                0.00    0.00       6/48          WL_FID_FRAMES_K405 [81]
                0.00    0.00       6/48          WL_FID_FRAMES_C406 [79]
                0.00    0.00       6/48          WL_FID_FRAME_DRAWN_C407 [82]
                0.00    0.00       6/48          WL_FID_WINDOW_FRAME [91]
                0.00    0.00       6/6           WL_FID_IO_PRINT [113]
                0.00    0.00       3/3           WL_FID_MAIN [125]
                0.00    0.00       3/3           WL_FID_MAIN_C1073 [126]
                0.00    0.00       3/3           WL_FID_IO_ARGS [120]
                0.00    0.00       3/3           WL_FID_MAIN_C1074 [127]
                0.00    0.00       3/3           WL_FID____MAIN_OPTIONS_ARGS [199]
                0.00    0.00       3/3           WL_FID_MAIN_K1075 [152]
                0.00    0.00       3/3           WL_FID_MAIN_K1076 [153]
                0.00    0.00       3/3           WL_FID_MAIN_K1077 [154]
                0.00    0.00       3/3           WL_FID_MAIN_K1078 [155]
                0.00    0.00       3/3           WL_FID_MAIN_K1079 [156]
                0.00    0.00       3/3           WL_FID_MAIN_K1080 [157]
                0.00    0.00       3/3           WL_FID_MAIN_K1081 [158]
                0.00    0.00       3/3           WL_FID_MAIN_K1082 [159]
                0.00    0.00       3/3           WL_FID_MAIN_C1083 [128]
                0.00    0.00       3/3           WL_FID_MAIN_C1084 [129]
                0.00    0.00       3/3           WL_FID_MAIN_K1085 [160]
                0.00    0.00       3/3           WL_FID_MAIN_K1086 [161]
                0.00    0.00       3/3           WL_FID_MAIN_C1087 [130]
                0.00    0.00       3/3           WL_FID_MAIN_C1088 [131]
                0.00    0.00       3/3           WL_FID_MAIN_K1089 [162]
                0.00    0.00       3/3           WL_FID_MAIN_K1090 [163]
                0.00    0.00       3/3           WL_FID_MAIN_K1091 [164]
                0.00    0.00       3/3           WL_FID_MAIN_K1092 [165]
                0.00    0.00       3/3           WL_FID_MAIN_K1093 [166]
                0.00    0.00       3/3           WL_FID_MAIN_K1094 [167]
                0.00    0.00       3/3           WL_FID_MAIN_K1095 [168]
                0.00    0.00       3/3           WL_FID_MAIN_K1096 [169]
                0.00    0.00       3/3           WL_FID_BODY [119]
                0.00    0.00       3/3           WL_FID____ATELIER_BODY [190]
                0.00    0.00       3/3           WL_FID____ATELIER_GENERATE [193]
                0.00    0.00       3/3           WL_FID____ATELIER_GENERATE_K535 [194]
                0.00    0.00       3/3           WL_FID____ATELIER_GENERATE_K536 [195]
                0.00    0.00       3/3           WL_FID____ATELIER_GENERATE_K537 [196]
                0.00    0.00       3/3           WL_FID____ATELIER_BODY_K692 [191]
                0.00    0.00       3/3           WL_FID____ATELIER_ASSEMBLIES [189]
                0.00    0.00       3/3           WL_FID____ATELIER_BODY_K693 [192]
                0.00    0.00       3/3           WL_FID_MAIN_K1097 [170]
                0.00    0.00       3/3           WL_FID_MAIN_C1116 [132]
                0.00    0.00       3/3           WL_FID_MAIN_C1117 [133]
                0.00    0.00       3/3           WL_FID____DDA_GRID_BUILD [197]
                0.00    0.00       3/3           WL_FID_U32_POW [186]
                0.00    0.00       3/3           WL_FID____DDA_GRID_BUILD_K835 [198]
                0.00    0.00       3/3           WL_FID_MAIN_K1118 [171]
                0.00    0.00       3/3           WL_FID_MAIN_C1119 [134]
                0.00    0.00       3/3           WL_FID_MAIN_C1120 [135]
                0.00    0.00       3/3           WL_FID_MAIN_C1121 [136]
                0.00    0.00       3/3           WL_FID_MAIN_C1122 [137]
                0.00    0.00       3/3           WL_FID_MAIN_C1123 [138]
                0.00    0.00       3/3           WL_FID_MAIN_K1124 [172]
                0.00    0.00       3/3           WL_FID_MAIN_K1125 [173]
                0.00    0.00       3/3           WL_FID_MAIN_K1126 [174]
                0.00    0.00       3/3           WL_FID_MAIN_K1127 [175]
                0.00    0.00       3/3           WL_FID_MAIN_C1128 [139]
                0.00    0.00       3/3           WL_FID_MAIN_C1129 [140]
                0.00    0.00       3/3           WL_FID_MAIN_K1130 [176]
                0.00    0.00       3/3           WL_FID_MAIN_K1131 [177]
                0.00    0.00       3/3           WL_FID_MAIN_K1132 [178]
                0.00    0.00       3/3           WL_FID_MAIN_C1166 [141]
                0.00    0.00       3/3           WL_FID_IO_TRY_C550 [123]
                0.00    0.00       3/3           WL_FID_WINDOW_OPEN [188]
                0.00    0.00       3/3           WL_FID_IO_TRY_C551 [124]
                0.00    0.00       3/3           WL_FID_IO_PASS_C463 [122]
                0.00    0.00       3/3           WL_FID_MAIN_C1167 [142]
                0.00    0.00       3/3           WL_FID_MAIN_K1168 [179]
                0.00    0.00       3/3           WL_FID_MAIN_C1169 [143]
                0.00    0.00       3/3           WL_FID_MAIN_C1172 [146]
                0.00    0.00       3/3           WL_FID_MAIN_K1173 [180]
                0.00    0.00       3/3           WL_FID_MAIN_C1174 [147]
                0.00    0.00       3/3           WL_FID_MAIN_C1178 [150]
                0.00    0.00       3/3           WL_FID_WINDOW_CLOSE [187]
                0.00    0.00       3/3           WL_FID_MAIN_C1179 [151]
                0.00    0.00       3/3           WL_FID_MAIN_K1180 [181]
                0.00    0.00       3/3           WL_FID_MAIN_K1181 [182]
                0.00    0.00       3/3           WL_FID_MAIN_K1182 [183]
                0.00    0.00       3/3           WL_FID_MAIN_K1183 [184]
                0.00    0.00       3/3           WL_FID_MAIN_K1184 [185]
                0.00    0.00       3/3           WL_FID_IO_EMIT [121]
-----------------------------------------------
                0.01    6.22  860160/860160      pool_work [1]
[9]     14.1    0.01    6.22  860160         monk_step [9]
                0.00    6.22   16320/16545       work_loop [8]
-----------------------------------------------
                0.14    0.58 3961140/3961140     work_loop [8]
[10]     1.6    0.14    0.58 3961140         WL_FID____DDA_TREE_PAINT [10]
                0.13    0.32 7910076/7910076     spin_161 [12]
                0.03    0.07 1739304/3483390     span_fade [24]
                0.04    0.00  991344/14306850     term_drop [11]
                0.00    0.00    6099/3879483     rfc_wrap [47]
-----------------------------------------------
                0.00    0.00       3/14306850     io_step [15]
                0.00    0.00       3/14306850     WL_FID_FRAME_DRAWN_C408 [43]
                0.00    0.00       3/14306850     WL_FID_MAIN_C1177 [44]
                0.00    0.00       3/14306850     spin_235 [46]
                0.00    0.00       6/14306850     WL_FID____MAIN_OPTIONS_FLAG [37]
                0.00    0.00     234/14306850     WL_FID_STRING_ORDER_K846 [36]
                0.00    0.00  120108/14306850     spin_218 [31]
                0.03    0.00  786432/14306850     WL_FID_IMAGE_FREE [29]
                0.04    0.00  991344/14306850     WL_FID____DDA_TREE_PAINT [10]
                0.04    0.00 1015248/14306850     WL_FID____DDA_TREE_PAINT_K516 [25]
                0.14    0.00 3483390/14306850     span_fade [24]
                0.32    0.00 7910076/14306850     spin_161 [12]
[11]     1.3    0.57    0.00 14306850         term_drop [11]
                0.00    0.00     762/846         heap_hand [60]
-----------------------------------------------
                0.13    0.32 7910076/7910076     WL_FID____DDA_TREE_PAINT [10]
[12]     1.0    0.13    0.32 7910076         spin_161 [12]
                0.32    0.00 7910076/14306850     term_drop [11]
-----------------------------------------------
                0.00    0.34       3/3           main [14]
[13]     0.8    0.00    0.34       3         io_loop [13]
                0.00    0.33       3/3           io_step [15]
                0.00    0.00       3/81          corpus_eval [27]
                0.00    0.00       3/6           pool_stack [118]
                0.00    0.00       3/2886        heap_alloc_miss [58]
                0.00    0.00       3/3           io_spawn [202]
-----------------------------------------------
                                                 <spontaneous>
[14]     0.8    0.00    0.34                 main [14]
                0.00    0.34       3/3           io_loop [13]
                0.00    0.00       3/51          io_sync [78]
-----------------------------------------------
                0.00    0.33       3/3           io_loop [13]
[15]     0.8    0.00    0.33       3         io_step [15]
                0.00    0.25      75/75          io_exec [19]
                0.00    0.08      78/81          corpus_eval [27]
                0.00    0.00       3/14306850     term_drop [11]
                0.00    0.00       3/2886        heap_alloc_miss [58]
-----------------------------------------------
                0.04    0.00  524286/4194288     work_loop [8]
                0.29    0.00 3670002/4194288     pool_work [1]
[16]     0.7    0.33    0.00 4194288         WL_FID____DDA_FRAME_SEQ_K428 [16]
-----------------------------------------------
                0.03    0.00 1572864/12582912     work_loop [8]
                0.24    0.00 11010048/12582912     pool_work [1]
[17]     0.6    0.27    0.00 12582912         WL_FID____RENDER_PIXEL_PRESENT [17]
-----------------------------------------------
                0.03    0.00  524286/4194288     work_loop [8]
                0.24    0.00 3670002/4194288     pool_work [1]
[18]     0.6    0.27    0.00 4194288         WL_FID____DDA_FRAME_SEQ_K429 [18]
-----------------------------------------------
                0.00    0.25      75/75          io_step [15]
[19]     0.6    0.00    0.25      75         io_exec [19]
                0.00    0.25      48/48          window_frame_run [21]
                0.00    0.00      12/12          io_now_run [105]
                0.00    0.00       6/6           io_print_run [117]
                0.00    0.00       3/3           io_args_run [201]
                0.00    0.00       3/3           window_open_run [211]
                0.00    0.00       3/3           window_close_run [210]
-----------------------------------------------
                0.00    0.25      48/48          window_frame_run [21]
[20]     0.6    0.00    0.25      48         window_frame [20]
                0.25    0.00      48/48          window_sq [22]
                0.00    0.00     819/3879483     rfc_wrap [47]
                0.00    0.00      48/51          io_sync [78]
                0.00    0.00       4/22          io_mem [95]
-----------------------------------------------
                0.00    0.25      48/48          io_exec [19]
[21]     0.6    0.00    0.25      48         window_frame_run [21]
                0.00    0.25      48/48          window_frame [20]
-----------------------------------------------
                             12582864             window_sq [22]
                0.25    0.00      48/48          window_frame [20]
[22]     0.6    0.25    0.00      48+12582864 window_sq [22]
                             12582864             window_sq [22]
-----------------------------------------------
                0.03    0.00  524286/4194288     work_loop [8]
                0.20    0.00 3670002/4194288     pool_work [1]
[23]     0.5    0.23    0.00 4194288         WL_FID____DDA_FRAME_SEQ_K430 [23]
-----------------------------------------------
                0.00    0.00       3/3483390     WL_FID_U32_READ_GO [42]
                0.00    0.00       6/3483390     WL_FID_U32_READ [41]
                0.00    0.00       9/3483390     WL_FID_STRING_APPEND [39]
                0.00    0.00       9/3483390     WL_FID_SCENE_BUILD [40]
                0.00    0.00     105/3483390     WL_FID____MAIN_OPTIONS_HAS [38]
                0.00    0.00     108/3483390     WL_FID____MAIN_OPTIONS_FLAG [37]
                0.00    0.00     468/3483390     WL_FID_STRING_CMP [35]
                0.00    0.00    6102/3483390     WL_FID____DDA_GRID_PAINT [33]
                0.00    0.00    6102/3483390     WL_FID____DDA_GRID_BUILD_K834 [34]
                0.03    0.07 1731174/3483390     WL_FID____DDA_TREE_PAINT_K516 [25]
                0.03    0.07 1739304/3483390     WL_FID____DDA_TREE_PAINT [10]
[24]     0.5    0.06    0.14 3483390         span_fade [24]
                0.14    0.00 3483390/14306850     term_drop [11]
-----------------------------------------------
                0.05    0.14 3955038/3955038     work_loop [8]
[25]     0.4    0.05    0.14 3955038         WL_FID____DDA_TREE_PAINT_K516 [25]
                0.03    0.07 1731174/3483390     span_fade [24]
                0.04    0.00 1015248/14306850     term_drop [11]
-----------------------------------------------
                0.02    0.00  524286/4194288     work_loop [8]
                0.11    0.00 3670002/4194288     pool_work [1]
[26]     0.3    0.13    0.00 4194288         WL_FID____DDA_FRAME_SEQ_K431 [26]
                0.00    0.00     774/2886        heap_alloc_miss [58]
-----------------------------------------------
                0.00    0.00       3/81          io_loop [13]
                0.00    0.08      78/81          io_step [15]
[27]     0.2    0.00    0.09      81         corpus_eval [27]
                0.00    0.09     225/16545       work_loop [8]
                0.00    0.00      96/96          pool_turn [74]
                0.00    0.00      48/48          pool_open [93]
-----------------------------------------------
                0.08    0.00 37748736/37748736     spin_181 [3]
[28]     0.2    0.08    0.00 37748736         spin_182 [28]
-----------------------------------------------
                0.00    0.00   16368/802800      work_loop [8]
                0.02    0.03  786432/802800      pool_work [1]
[29]     0.1    0.02    0.03  802800         WL_FID_IMAGE_FREE [29]
                0.03    0.00  786432/14306850     term_drop [11]
                0.00    0.00      36/846         heap_hand [60]
                0.00    0.00       6/2886        heap_alloc_miss [58]
-----------------------------------------------
                0.01    0.02 3955038/3955038     work_loop [8]
[30]     0.1    0.01    0.02 3955038         WL_FID____DDA_TREE_PAINT_K517 [30]
                0.02    0.00 3955038/3955038     spin_218 [31]
-----------------------------------------------
                0.02    0.00 3955038/3955038     WL_FID____DDA_TREE_PAINT_K517 [30]
[31]     0.1    0.02    0.00 3955038         spin_218 [31]
                0.00    0.00  120108/14306850     term_drop [11]
                0.00    0.00 3828828/3879483     rfc_wrap [47]
                0.00    0.00    1347/2886        heap_alloc_miss [58]
-----------------------------------------------
                                                 <spontaneous>
[32]     0.0    0.02    0.00                 _init [32]
-----------------------------------------------
                0.01    0.00    6105/6105        work_loop [8]
[33]     0.0    0.01    0.00    6105         WL_FID____DDA_GRID_PAINT [33]
                0.00    0.00    6102/3483390     span_fade [24]
-----------------------------------------------
                0.00    0.00       3/3           work_loop [8]
[34]     0.0    0.00    0.00       3         WL_FID____DDA_GRID_BUILD_K834 [34]
                0.00    0.00    6102/3483390     span_fade [24]
                0.00    0.00    6102/3879483     rfc_wrap [47]
                0.00    0.00       3/2886        heap_alloc_miss [58]
-----------------------------------------------
                0.00    0.00     234/234         work_loop [8]
[35]     0.0    0.00    0.00     234         WL_FID_STRING_CMP [35]
                0.00    0.00     468/3483390     span_fade [24]
                0.00    0.00     219/3879483     rfc_wrap [47]
-----------------------------------------------
                0.00    0.00     234/234         work_loop [8]
[36]     0.0    0.00    0.00     234         WL_FID_STRING_ORDER_K846 [36]
                0.00    0.00     234/14306850     term_drop [11]
-----------------------------------------------
                0.00    0.00     138/138         work_loop [8]
[37]     0.0    0.00    0.00     138         WL_FID____MAIN_OPTIONS_FLAG [37]
                0.00    0.00     108/3483390     span_fade [24]
                0.00    0.00       6/14306850     term_drop [11]
-----------------------------------------------
                0.00    0.00     120/120         work_loop [8]
[38]     0.0    0.00    0.00     120         WL_FID____MAIN_OPTIONS_HAS [38]
                0.00    0.00     105/3483390     span_fade [24]
-----------------------------------------------
                0.00    0.00      18/18          work_loop [8]
[39]     0.0    0.00    0.00      18         WL_FID_STRING_APPEND [39]
                0.00    0.00       9/3483390     span_fade [24]
-----------------------------------------------
                0.00    0.00       3/3           work_loop [8]
[40]     0.0    0.00    0.00       3         WL_FID_SCENE_BUILD [40]
                0.00    0.00       9/3483390     span_fade [24]
                0.00    0.00       9/18          spare_free [100]
-----------------------------------------------
                0.00    0.00       9/9           work_loop [8]
[41]     0.0    0.00    0.00       9         WL_FID_U32_READ [41]
                0.00    0.00       6/3483390     span_fade [24]
-----------------------------------------------
                0.00    0.00       9/9           work_loop [8]
[42]     0.0    0.00    0.00       9         WL_FID_U32_READ_GO [42]
                0.00    0.00       3/3483390     span_fade [24]
-----------------------------------------------
                0.00    0.00      48/48          work_loop [8]
[43]     0.0    0.00    0.00      48         WL_FID_FRAME_DRAWN_C408 [43]
                0.00    0.00       3/14306850     term_drop [11]
-----------------------------------------------
                0.00    0.00       3/3           work_loop [8]
[44]     0.0    0.00    0.00       3         WL_FID_MAIN_C1177 [44]
                0.00    0.00       3/14306850     term_drop [11]
-----------------------------------------------
                0.00    0.00       3/3           work_loop [8]
[45]     0.0    0.00    0.00       3         WL_FID_SCENE_BUILD_K772 [45]
                0.00    0.00       3/3           spin_235 [46]
-----------------------------------------------
                0.00    0.00       3/3           WL_FID_SCENE_BUILD_K772 [45]
[46]     0.0    0.00    0.00       3         spin_235 [46]
                0.00    0.00       3/14306850     term_drop [11]
                0.00    0.00      90/90          spin_5 [75]
                0.00    0.00      15/15          spin_74 [101]
                0.00    0.00      15/15          spin_82 [102]
-----------------------------------------------
                0.00    0.00       3/3879483     WL_FID_MAIN_K1075 [152]
                0.00    0.00      18/3879483     WL_FID____MAIN_OPTIONS_ARGS_K958 [96]
                0.00    0.00      21/3879483     WL_FID_NAT_SHOW_FIN [108]
                0.00    0.00      33/3879483     spin_223 [206]
                0.00    0.00      39/3879483     io_args_run [201]
                0.00    0.00      45/3879483     spin_224 [207]
                0.00    0.00      51/3879483     WL_FID____ATELIER_GENERATE_K537 [196]
                0.00    0.00     111/3879483     spin_225 [208]
                0.00    0.00     126/3879483     WL_FID_STRING_APPEND_K758 [69]
                0.00    0.00     207/3879483     io_str [97]
                0.00    0.00     219/3879483     WL_FID_STRING_CMP [35]
                0.00    0.00     567/3879483     WL_FID_STRING_CMP_K688 [62]
                0.00    0.00     819/3879483     window_frame [20]
                0.00    0.00    3765/3879483     spin_221 [204]
                0.00    0.00    3849/3879483     spin_222 [205]
                0.00    0.00    4383/3879483     spin_220 [203]
                0.00    0.00    6099/3879483     WL_FID____DDA_TREE_PAINT [10]
                0.00    0.00    6102/3879483     WL_FID____DDA_GRID_BUILD_K834 [34]
                0.00    0.00   11997/3879483     WL_FID____ATELIER_TRANSLATE_K354 [57]
                0.00    0.00   12201/3879483     WL_FID____ATELIER_CUBOIDS_K359 [55]
                0.00    0.00 3828828/3879483     spin_218 [31]
[47]     0.0    0.00    0.00 3879483         rfc_wrap [47]
                0.00    0.00     678/2886        heap_alloc_miss [58]
-----------------------------------------------
                0.00    0.00  262128/262128      pool_work [1]
[48]     0.0    0.00    0.00  262128         WL_FID_IMAGE_FREE_J69 [48]
-----------------------------------------------
                0.00    0.00  245760/245760      pool_work [1]
[49]     0.0    0.00    0.00  245760         WL_FID_IMAGE_FREE_K69 [49]
-----------------------------------------------
                0.00    0.00  245760/245760      pool_work [1]
[50]     0.0    0.00    0.00  245760         WL_FID_IMAGE_FREE_K70 [50]
-----------------------------------------------
                0.00    0.00  245760/245760      pool_work [1]
[51]     0.0    0.00    0.00  245760         WL_FID_IMAGE_FREE_K71 [51]
-----------------------------------------------
                0.00    0.00  245760/245760      pool_work [1]
[52]     0.0    0.00    0.00  245760         WL_FID_IMAGE_FREE_K72 [52]
-----------------------------------------------
                0.00    0.00   16545/82149       work_loop [8]
                0.00    0.00   65604/82149       pool_work [1]
[53]     0.0    0.00    0.00   82149         WL_FID_ENTER [53]
                0.00    0.00       9/846         heap_hand [60]
-----------------------------------------------
                0.00    0.00     171/65973       work_loop [8]
                0.00    0.00   65802/65973       pool_work [1]
[54]     0.0    0.00    0.00   65973         WL_FID_EXIT [54]
-----------------------------------------------
                0.00    0.00    6102/6102        work_loop [8]
[55]     0.0    0.00    0.00    6102         WL_FID____ATELIER_CUBOIDS_K359 [55]
                0.00    0.00   12201/3879483     rfc_wrap [47]
-----------------------------------------------
                0.00    0.00    6102/6102        work_loop [8]
[56]     0.0    0.00    0.00    6102         WL_FID____DDA_GRID_PAINT_K669 [56]
-----------------------------------------------
                0.00    0.00    6003/6003        work_loop [8]
[57]     0.0    0.00    0.00    6003         WL_FID____ATELIER_TRANSLATE_K354 [57]
                0.00    0.00   11997/3879483     rfc_wrap [47]
-----------------------------------------------
                0.00    0.00       3/2886        io_loop [13]
                0.00    0.00       3/2886        io_step [15]
                0.00    0.00       3/2886        spin_220 [203]
                0.00    0.00       3/2886        spin_221 [204]
                0.00    0.00       3/2886        WL_FID_SCENE_DRAW [89]
                0.00    0.00       3/2886        WL_FID____DDA_GRID_BUILD_K834 [34]
                0.00    0.00       3/2886        WL_FID_MAIN_K1076 [153]
                0.00    0.00       3/2886        WL_FID_MAIN_K1080 [157]
                0.00    0.00       3/2886        WL_FID_MAIN_C1117 [133]
                0.00    0.00       3/2886        WL_FID_IO_ARGS [120]
                0.00    0.00       3/2886        WL_FID_IO_NOW [103]
                0.00    0.00       6/2886        spin_222 [205]
                0.00    0.00       6/2886        WL_FID_IMAGE_FREE [29]
                0.00    0.00       6/2886        WL_FID_FRAMES_C406 [79]
                0.00    0.00       6/2886        WL_FID_FRAME_DRAWN_C407 [82]
                0.00    0.00       6/2886        WL_FID_FRAME_DRAWN_C413 [86]
                0.00    0.00      12/2886        WL_FID_FRAME_DRAWN_C410 [83]
                0.00    0.00      12/2886        WL_FID_IO_BIND [66]
                0.00    0.00     678/2886        rfc_wrap [47]
                0.00    0.00     774/2886        WL_FID____DDA_FRAME_SEQ_K431 [26]
                0.00    0.00    1347/2886        spin_218 [31]
[58]     0.0    0.00    0.00    2886         heap_alloc_miss [58]
-----------------------------------------------
                0.00    0.00     900/900         spin_83 [76]
[59]     0.0    0.00    0.00     900         spin_85 [59]
-----------------------------------------------
                0.00    0.00       6/846         WL_FID_FRAMES_C414 [80]
                0.00    0.00       9/846         WL_FID_ENTER [53]
                0.00    0.00      33/846         WL_FID_CLO_APPLY [61]
                0.00    0.00      36/846         WL_FID_IMAGE_FREE [29]
                0.00    0.00     762/846         term_drop [11]
[60]     0.0    0.00    0.00     846         heap_hand [60]
-----------------------------------------------
                0.00    0.00     258/750         work_loop [8]
                0.00    0.00     492/750         pool_work [1]
[61]     0.0    0.00    0.00     750         WL_FID_CLO_APPLY [61]
                0.00    0.00      33/846         heap_hand [60]
-----------------------------------------------
                0.00    0.00     300/300         work_loop [8]
[62]     0.0    0.00    0.00     300         WL_FID_STRING_CMP_K688 [62]
                0.00    0.00     567/3879483     rfc_wrap [47]
-----------------------------------------------
                0.00    0.00     234/234         work_loop [8]
[63]     0.0    0.00    0.00     234         WL_FID_STRING_EQ [63]
-----------------------------------------------
                0.00    0.00     234/234         work_loop [8]
[64]     0.0    0.00    0.00     234         WL_FID_STRING_EQ_K947 [64]
-----------------------------------------------
                0.00    0.00     234/234         work_loop [8]
[65]     0.0    0.00    0.00     234         WL_FID_STRING_ORDER [65]
-----------------------------------------------
                0.00    0.00      48/186         work_loop [8]
                0.00    0.00     138/186         pool_work [1]
[66]     0.0    0.00    0.00     186         WL_FID_IO_BIND [66]
                0.00    0.00      12/2886        heap_alloc_miss [58]
-----------------------------------------------
                0.00    0.00      84/186         work_loop [8]
                0.00    0.00     102/186         pool_work [1]
[67]     0.0    0.00    0.00     186         WL_FID_IO_BIND_C1070 [67]
-----------------------------------------------
                0.00    0.00      36/186         work_loop [8]
                0.00    0.00     150/186         pool_work [1]
[68]     0.0    0.00    0.00     186         WL_FID_IO_BIND_K1071 [68]
-----------------------------------------------
                0.00    0.00     126/126         work_loop [8]
[69]     0.0    0.00    0.00     126         WL_FID_STRING_APPEND_K758 [69]
                0.00    0.00     126/3879483     rfc_wrap [47]
-----------------------------------------------
                0.00    0.00     117/117         work_loop [8]
[70]     0.0    0.00    0.00     117         WL_FID____MAIN_OPTIONS_FLAG_K952 [70]
-----------------------------------------------
                0.00    0.00      12/114         work_loop [8]
                0.00    0.00     102/114         pool_work [1]
[71]     0.0    0.00    0.00     114         WL_FID_IO_PURE [71]
-----------------------------------------------
                0.00    0.00     105/105         work_loop [8]
[72]     0.0    0.00    0.00     105         WL_FID____MAIN_OPTIONS_HAS_K955 [72]
-----------------------------------------------
                0.00    0.00     105/105         work_loop [8]
[73]     0.0    0.00    0.00     105         WL_FID____MAIN_OPTIONS_HAS_K956 [73]
-----------------------------------------------
                0.00    0.00      96/96          corpus_eval [27]
[74]     0.0    0.00    0.00      96         pool_turn [74]
-----------------------------------------------
                0.00    0.00      90/90          spin_235 [46]
[75]     0.0    0.00    0.00      90         spin_5 [75]
-----------------------------------------------
                0.00    0.00      90/90          spin_82 [102]
[76]     0.0    0.00    0.00      90         spin_83 [76]
                0.00    0.00     900/900         spin_85 [59]
-----------------------------------------------
                0.00    0.00       6/54          work_loop [8]
                0.00    0.00      48/54          pool_work [1]
[77]     0.0    0.00    0.00      54         WL_FID_FRAMES [77]
-----------------------------------------------
                0.00    0.00       3/51          main [14]
                0.00    0.00      48/51          window_frame [20]
[78]     0.0    0.00    0.00      51         io_sync [78]
-----------------------------------------------
                0.00    0.00       6/48          work_loop [8]
                0.00    0.00      42/48          pool_work [1]
[79]     0.0    0.00    0.00      48         WL_FID_FRAMES_C406 [79]
                0.00    0.00       6/2886        heap_alloc_miss [58]
-----------------------------------------------
                0.00    0.00      48/48          pool_work [1]
[80]     0.0    0.00    0.00      48         WL_FID_FRAMES_C414 [80]
                0.00    0.00       6/846         heap_hand [60]
-----------------------------------------------
                0.00    0.00       6/48          work_loop [8]
                0.00    0.00      42/48          pool_work [1]
[81]     0.0    0.00    0.00      48         WL_FID_FRAMES_K405 [81]
-----------------------------------------------
                0.00    0.00       6/48          work_loop [8]
                0.00    0.00      42/48          pool_work [1]
[82]     0.0    0.00    0.00      48         WL_FID_FRAME_DRAWN_C407 [82]
                0.00    0.00       6/2886        heap_alloc_miss [58]
-----------------------------------------------
                0.00    0.00      48/48          pool_work [1]
[83]     0.0    0.00    0.00      48         WL_FID_FRAME_DRAWN_C410 [83]
                0.00    0.00      12/2886        heap_alloc_miss [58]
-----------------------------------------------
                0.00    0.00      48/48          pool_work [1]
[84]     0.0    0.00    0.00      48         WL_FID_FRAME_DRAWN_C411 [84]
-----------------------------------------------
                0.00    0.00      48/48          pool_work [1]
[85]     0.0    0.00    0.00      48         WL_FID_FRAME_DRAWN_C412 [85]
-----------------------------------------------
                0.00    0.00      48/48          pool_work [1]
[86]     0.0    0.00    0.00      48         WL_FID_FRAME_DRAWN_C413 [86]
                0.00    0.00       6/2886        heap_alloc_miss [58]
-----------------------------------------------
                0.00    0.00      48/48          pool_work [1]
[87]     0.0    0.00    0.00      48         WL_FID_FRAME_DRAWN_K409 [87]
-----------------------------------------------
                0.00    0.00      48/48          work_loop [8]
[88]     0.0    0.00    0.00      48         WL_FID_IMAGE_DROP [88]
-----------------------------------------------
                0.00    0.00       6/48          work_loop [8]
                0.00    0.00      42/48          pool_work [1]
[89]     0.0    0.00    0.00      48         WL_FID_SCENE_DRAW [89]
                0.00    0.00       3/2886        heap_alloc_miss [58]
-----------------------------------------------
                0.00    0.00       6/48          work_loop [8]
                0.00    0.00      42/48          pool_work [1]
[90]     0.0    0.00    0.00      48         WL_FID_SCENE_DRAW_K760 [90]
-----------------------------------------------
                0.00    0.00       6/48          work_loop [8]
                0.00    0.00      42/48          pool_work [1]
[91]     0.0    0.00    0.00      48         WL_FID_WINDOW_FRAME [91]
-----------------------------------------------
                0.00    0.00       6/48          work_loop [8]
                0.00    0.00      42/48          pool_work [1]
[92]     0.0    0.00    0.00      48         WL_FID____DDA_FRAME_FORK [92]
-----------------------------------------------
                0.00    0.00      48/48          corpus_eval [27]
[93]     0.0    0.00    0.00      48         pool_open [93]
-----------------------------------------------
                0.00    0.00      27/27          work_loop [8]
[94]     0.0    0.00    0.00      27         WL_FID_U32_POW_K671 [94]
-----------------------------------------------
                0.00    0.00       3/22          io_spawn [202]
                0.00    0.00       4/22          window_frame [20]
                0.00    0.00       6/22          window_open_run [211]
                0.00    0.00       9/22          io_cbuf [111]
[95]     0.0    0.00    0.00      22         io_mem [95]
-----------------------------------------------
                0.00    0.00      21/21          work_loop [8]
[96]     0.0    0.00    0.00      21         WL_FID____MAIN_OPTIONS_ARGS_K958 [96]
                0.00    0.00      18/3879483     rfc_wrap [47]
-----------------------------------------------
                0.00    0.00      21/21          io_args_run [201]
[97]     0.0    0.00    0.00      21         io_str [97]
                0.00    0.00     207/3879483     rfc_wrap [47]
-----------------------------------------------
                0.00    0.00      18/18          work_loop [8]
[98]     0.0    0.00    0.00      18         WL_FID____ATELIER_ASSEMBLIES_K539 [98]
-----------------------------------------------
                0.00    0.00      18/18          work_loop [8]
[99]     0.0    0.00    0.00      18         WL_FID____ATELIER_CUBOIDS [99]
-----------------------------------------------
                0.00    0.00       9/18          WL_FID_SCENE_BUILD [40]
                0.00    0.00       9/18          spin_248 [209]
[100]    0.0    0.00    0.00      18         spare_free [100]
-----------------------------------------------
                0.00    0.00      15/15          spin_235 [46]
[101]    0.0    0.00    0.00      15         spin_74 [101]
-----------------------------------------------
                0.00    0.00      15/15          spin_235 [46]
[102]    0.0    0.00    0.00      15         spin_82 [102]
                0.00    0.00      90/90          spin_83 [76]
-----------------------------------------------
                0.00    0.00       6/12          work_loop [8]
                0.00    0.00       6/12          pool_work [1]
[103]    0.0    0.00    0.00      12         WL_FID_IO_NOW [103]
                0.00    0.00       3/2886        heap_alloc_miss [58]
-----------------------------------------------
                0.00    0.00      12/12          work_loop [8]
[104]    0.0    0.00    0.00      12         WL_FID____MAIN_OPTIONS_NUMBER [104]
-----------------------------------------------
                0.00    0.00      12/12          io_exec [19]
[105]    0.0    0.00    0.00      12         io_now_run [105]
-----------------------------------------------
                0.00    0.00      12/12          io_print_run [117]
[106]    0.0    0.00    0.00      12         io_out [106]
-----------------------------------------------
                0.00    0.00       9/9           work_loop [8]
[107]    0.0    0.00    0.00       9         WL_FID_NAT_SHOW [107]
-----------------------------------------------
                0.00    0.00       9/9           work_loop [8]
[108]    0.0    0.00    0.00       9         WL_FID_NAT_SHOW_FIN [108]
                0.00    0.00      21/3879483     rfc_wrap [47]
-----------------------------------------------
                0.00    0.00       9/9           work_loop [8]
[109]    0.0    0.00    0.00       9         WL_FID____ATELIER_TRANSLATE [109]
-----------------------------------------------
                0.00    0.00       9/9           work_loop [8]
[110]    0.0    0.00    0.00       9         WL_FID____MAIN_OPTIONS_NUMBER_K945 [110]
-----------------------------------------------
                0.00    0.00       3/9           window_open_run [211]
                0.00    0.00       6/9           io_print_run [117]
[111]    0.0    0.00    0.00       9         io_cbuf [111]
                0.00    0.00       9/22          io_mem [95]
-----------------------------------------------
                0.00    0.00       6/6           pool_work [1]
[112]    0.0    0.00    0.00       6         WL_FID_FRAMES_C404 [112]
-----------------------------------------------
                0.00    0.00       6/6           work_loop [8]
[113]    0.0    0.00    0.00       6         WL_FID_IO_PRINT [113]
-----------------------------------------------
                0.00    0.00       6/6           work_loop [8]
[114]    0.0    0.00    0.00       6         WL_FID_REQUIRE_C509 [114]
-----------------------------------------------
                0.00    0.00       6/6           work_loop [8]
[115]    0.0    0.00    0.00       6         WL_FID____MAIN_OPTIONS_DEPTH [115]
-----------------------------------------------
                0.00    0.00       6/6           work_loop [8]
[116]    0.0    0.00    0.00       6         WL_FID____MAIN_OPTIONS_DEPTH_K854 [116]
-----------------------------------------------
                0.00    0.00       6/6           io_exec [19]
[117]    0.0    0.00    0.00       6         io_print_run [117]
                0.00    0.00      12/12          io_out [106]
                0.00    0.00       6/9           io_cbuf [111]
-----------------------------------------------
                0.00    0.00       3/6           io_loop [13]
                0.00    0.00       3/6           pool_work [1]
[118]    0.0    0.00    0.00       6         pool_stack [118]
-----------------------------------------------
                0.00    0.00       3/3           work_loop [8]
[119]    0.0    0.00    0.00       3         WL_FID_BODY [119]
-----------------------------------------------
                0.00    0.00       3/3           work_loop [8]
[120]    0.0    0.00    0.00       3         WL_FID_IO_ARGS [120]
                0.00    0.00       3/2886        heap_alloc_miss [58]
-----------------------------------------------
                0.00    0.00       3/3           work_loop [8]
[121]    0.0    0.00    0.00       3         WL_FID_IO_EMIT [121]
-----------------------------------------------
                0.00    0.00       3/3           work_loop [8]
[122]    0.0    0.00    0.00       3         WL_FID_IO_PASS_C463 [122]
-----------------------------------------------
                0.00    0.00       3/3           work_loop [8]
[123]    0.0    0.00    0.00       3         WL_FID_IO_TRY_C550 [123]
-----------------------------------------------
                0.00    0.00       3/3           work_loop [8]
[124]    0.0    0.00    0.00       3         WL_FID_IO_TRY_C551 [124]
-----------------------------------------------
                0.00    0.00       3/3           work_loop [8]
[125]    0.0    0.00    0.00       3         WL_FID_MAIN [125]
-----------------------------------------------
                0.00    0.00       3/3           work_loop [8]
[126]    0.0    0.00    0.00       3         WL_FID_MAIN_C1073 [126]
-----------------------------------------------
                0.00    0.00       3/3           work_loop [8]
[127]    0.0    0.00    0.00       3         WL_FID_MAIN_C1074 [127]
-----------------------------------------------
                0.00    0.00       3/3           work_loop [8]
[128]    0.0    0.00    0.00       3         WL_FID_MAIN_C1083 [128]
-----------------------------------------------
                0.00    0.00       3/3           work_loop [8]
[129]    0.0    0.00    0.00       3         WL_FID_MAIN_C1084 [129]
-----------------------------------------------
                0.00    0.00       3/3           work_loop [8]
[130]    0.0    0.00    0.00       3         WL_FID_MAIN_C1087 [130]
-----------------------------------------------
                0.00    0.00       3/3           work_loop [8]
[131]    0.0    0.00    0.00       3         WL_FID_MAIN_C1088 [131]
-----------------------------------------------
                0.00    0.00       3/3           work_loop [8]
[132]    0.0    0.00    0.00       3         WL_FID_MAIN_C1116 [132]
-----------------------------------------------
                0.00    0.00       3/3           work_loop [8]
[133]    0.0    0.00    0.00       3         WL_FID_MAIN_C1117 [133]
                0.00    0.00       3/2886        heap_alloc_miss [58]
-----------------------------------------------
                0.00    0.00       3/3           work_loop [8]
[134]    0.0    0.00    0.00       3         WL_FID_MAIN_C1119 [134]
-----------------------------------------------
                0.00    0.00       3/3           work_loop [8]
[135]    0.0    0.00    0.00       3         WL_FID_MAIN_C1120 [135]
-----------------------------------------------
                0.00    0.00       3/3           work_loop [8]
[136]    0.0    0.00    0.00       3         WL_FID_MAIN_C1121 [136]
-----------------------------------------------
                0.00    0.00       3/3           work_loop [8]
[137]    0.0    0.00    0.00       3         WL_FID_MAIN_C1122 [137]
-----------------------------------------------
                0.00    0.00       3/3           work_loop [8]
[138]    0.0    0.00    0.00       3         WL_FID_MAIN_C1123 [138]
-----------------------------------------------
                0.00    0.00       3/3           work_loop [8]
[139]    0.0    0.00    0.00       3         WL_FID_MAIN_C1128 [139]
-----------------------------------------------
                0.00    0.00       3/3           work_loop [8]
[140]    0.0    0.00    0.00       3         WL_FID_MAIN_C1129 [140]
-----------------------------------------------
                0.00    0.00       3/3           work_loop [8]
[141]    0.0    0.00    0.00       3         WL_FID_MAIN_C1166 [141]
-----------------------------------------------
                0.00    0.00       3/3           work_loop [8]
[142]    0.0    0.00    0.00       3         WL_FID_MAIN_C1167 [142]
-----------------------------------------------
                0.00    0.00       3/3           work_loop [8]
[143]    0.0    0.00    0.00       3         WL_FID_MAIN_C1169 [143]
-----------------------------------------------
                0.00    0.00       3/3           pool_work [1]
[144]    0.0    0.00    0.00       3         WL_FID_MAIN_C1170 [144]
-----------------------------------------------
                0.00    0.00       3/3           pool_work [1]
[145]    0.0    0.00    0.00       3         WL_FID_MAIN_C1171 [145]
-----------------------------------------------
                0.00    0.00       3/3           work_loop [8]
[146]    0.0    0.00    0.00       3         WL_FID_MAIN_C1172 [146]
-----------------------------------------------
                0.00    0.00       3/3           work_loop [8]
[147]    0.0    0.00    0.00       3         WL_FID_MAIN_C1174 [147]
-----------------------------------------------
                0.00    0.00       3/3           pool_work [1]
[148]    0.0    0.00    0.00       3         WL_FID_MAIN_C1175 [148]
-----------------------------------------------
                0.00    0.00       3/3           pool_work [1]
[149]    0.0    0.00    0.00       3         WL_FID_MAIN_C1176 [149]
-----------------------------------------------
                0.00    0.00       3/3           work_loop [8]
[150]    0.0    0.00    0.00       3         WL_FID_MAIN_C1178 [150]
-----------------------------------------------
                0.00    0.00       3/3           work_loop [8]
[151]    0.0    0.00    0.00       3         WL_FID_MAIN_C1179 [151]
-----------------------------------------------
                0.00    0.00       3/3           work_loop [8]
[152]    0.0    0.00    0.00       3         WL_FID_MAIN_K1075 [152]
                0.00    0.00       3/3879483     rfc_wrap [47]
-----------------------------------------------
                0.00    0.00       3/3           work_loop [8]
[153]    0.0    0.00    0.00       3         WL_FID_MAIN_K1076 [153]
                0.00    0.00       3/2886        heap_alloc_miss [58]
-----------------------------------------------
                0.00    0.00       3/3           work_loop [8]
[154]    0.0    0.00    0.00       3         WL_FID_MAIN_K1077 [154]
-----------------------------------------------
                0.00    0.00       3/3           work_loop [8]
[155]    0.0    0.00    0.00       3         WL_FID_MAIN_K1078 [155]
-----------------------------------------------
                0.00    0.00       3/3           work_loop [8]
[156]    0.0    0.00    0.00       3         WL_FID_MAIN_K1079 [156]
-----------------------------------------------
                0.00    0.00       3/3           work_loop [8]
[157]    0.0    0.00    0.00       3         WL_FID_MAIN_K1080 [157]
                0.00    0.00       3/2886        heap_alloc_miss [58]
-----------------------------------------------
                0.00    0.00       3/3           work_loop [8]
[158]    0.0    0.00    0.00       3         WL_FID_MAIN_K1081 [158]
-----------------------------------------------
                0.00    0.00       3/3           work_loop [8]
[159]    0.0    0.00    0.00       3         WL_FID_MAIN_K1082 [159]
-----------------------------------------------
                0.00    0.00       3/3           work_loop [8]
[160]    0.0    0.00    0.00       3         WL_FID_MAIN_K1085 [160]
-----------------------------------------------
                0.00    0.00       3/3           work_loop [8]
[161]    0.0    0.00    0.00       3         WL_FID_MAIN_K1086 [161]
-----------------------------------------------
                0.00    0.00       3/3           work_loop [8]
[162]    0.0    0.00    0.00       3         WL_FID_MAIN_K1089 [162]
-----------------------------------------------
                0.00    0.00       3/3           work_loop [8]
[163]    0.0    0.00    0.00       3         WL_FID_MAIN_K1090 [163]
-----------------------------------------------
                0.00    0.00       3/3           work_loop [8]
[164]    0.0    0.00    0.00       3         WL_FID_MAIN_K1091 [164]
-----------------------------------------------
                0.00    0.00       3/3           work_loop [8]
[165]    0.0    0.00    0.00       3         WL_FID_MAIN_K1092 [165]
-----------------------------------------------
                0.00    0.00       3/3           work_loop [8]
[166]    0.0    0.00    0.00       3         WL_FID_MAIN_K1093 [166]
-----------------------------------------------
                0.00    0.00       3/3           work_loop [8]
[167]    0.0    0.00    0.00       3         WL_FID_MAIN_K1094 [167]
-----------------------------------------------
                0.00    0.00       3/3           work_loop [8]
[168]    0.0    0.00    0.00       3         WL_FID_MAIN_K1095 [168]
-----------------------------------------------
                0.00    0.00       3/3           work_loop [8]
[169]    0.0    0.00    0.00       3         WL_FID_MAIN_K1096 [169]
-----------------------------------------------
                0.00    0.00       3/3           work_loop [8]
[170]    0.0    0.00    0.00       3         WL_FID_MAIN_K1097 [170]
                0.00    0.00       3/3           spin_248 [209]
-----------------------------------------------
                0.00    0.00       3/3           work_loop [8]
[171]    0.0    0.00    0.00       3         WL_FID_MAIN_K1118 [171]
-----------------------------------------------
                0.00    0.00       3/3           work_loop [8]
[172]    0.0    0.00    0.00       3         WL_FID_MAIN_K1124 [172]
-----------------------------------------------
                0.00    0.00       3/3           work_loop [8]
[173]    0.0    0.00    0.00       3         WL_FID_MAIN_K1125 [173]
-----------------------------------------------
                0.00    0.00       3/3           work_loop [8]
[174]    0.0    0.00    0.00       3         WL_FID_MAIN_K1126 [174]
-----------------------------------------------
                0.00    0.00       3/3           work_loop [8]
[175]    0.0    0.00    0.00       3         WL_FID_MAIN_K1127 [175]
-----------------------------------------------
                0.00    0.00       3/3           work_loop [8]
[176]    0.0    0.00    0.00       3         WL_FID_MAIN_K1130 [176]
-----------------------------------------------
                0.00    0.00       3/3           work_loop [8]
[177]    0.0    0.00    0.00       3         WL_FID_MAIN_K1131 [177]
-----------------------------------------------
                0.00    0.00       3/3           work_loop [8]
[178]    0.0    0.00    0.00       3         WL_FID_MAIN_K1132 [178]
-----------------------------------------------
                0.00    0.00       3/3           work_loop [8]
[179]    0.0    0.00    0.00       3         WL_FID_MAIN_K1168 [179]
-----------------------------------------------
                0.00    0.00       3/3           work_loop [8]
[180]    0.0    0.00    0.00       3         WL_FID_MAIN_K1173 [180]
-----------------------------------------------
                0.00    0.00       3/3           work_loop [8]
[181]    0.0    0.00    0.00       3         WL_FID_MAIN_K1180 [181]
-----------------------------------------------
                0.00    0.00       3/3           work_loop [8]
[182]    0.0    0.00    0.00       3         WL_FID_MAIN_K1181 [182]
-----------------------------------------------
                0.00    0.00       3/3           work_loop [8]
[183]    0.0    0.00    0.00       3         WL_FID_MAIN_K1182 [183]
-----------------------------------------------
                0.00    0.00       3/3           work_loop [8]
[184]    0.0    0.00    0.00       3         WL_FID_MAIN_K1183 [184]
-----------------------------------------------
                0.00    0.00       3/3           work_loop [8]
[185]    0.0    0.00    0.00       3         WL_FID_MAIN_K1184 [185]
-----------------------------------------------
                0.00    0.00       3/3           work_loop [8]
[186]    0.0    0.00    0.00       3         WL_FID_U32_POW [186]
-----------------------------------------------
                0.00    0.00       3/3           work_loop [8]
[187]    0.0    0.00    0.00       3         WL_FID_WINDOW_CLOSE [187]
-----------------------------------------------
                0.00    0.00       3/3           work_loop [8]
[188]    0.0    0.00    0.00       3         WL_FID_WINDOW_OPEN [188]
-----------------------------------------------
                0.00    0.00       3/3           work_loop [8]
[189]    0.0    0.00    0.00       3         WL_FID____ATELIER_ASSEMBLIES [189]
-----------------------------------------------
                0.00    0.00       3/3           work_loop [8]
[190]    0.0    0.00    0.00       3         WL_FID____ATELIER_BODY [190]
-----------------------------------------------
                0.00    0.00       3/3           work_loop [8]
[191]    0.0    0.00    0.00       3         WL_FID____ATELIER_BODY_K692 [191]
-----------------------------------------------
                0.00    0.00       3/3           work_loop [8]
[192]    0.0    0.00    0.00       3         WL_FID____ATELIER_BODY_K693 [192]
-----------------------------------------------
                0.00    0.00       3/3           work_loop [8]
[193]    0.0    0.00    0.00       3         WL_FID____ATELIER_GENERATE [193]
                0.00    0.00       3/3           spin_220 [203]
-----------------------------------------------
                0.00    0.00       3/3           work_loop [8]
[194]    0.0    0.00    0.00       3         WL_FID____ATELIER_GENERATE_K535 [194]
                0.00    0.00       3/3           spin_221 [204]
-----------------------------------------------
                0.00    0.00       3/3           work_loop [8]
[195]    0.0    0.00    0.00       3         WL_FID____ATELIER_GENERATE_K536 [195]
                0.00    0.00       3/3           spin_222 [205]
-----------------------------------------------
                0.00    0.00       3/3           work_loop [8]
[196]    0.0    0.00    0.00       3         WL_FID____ATELIER_GENERATE_K537 [196]
                0.00    0.00      51/3879483     rfc_wrap [47]
                0.00    0.00       3/3           spin_223 [206]
                0.00    0.00       3/3           spin_224 [207]
                0.00    0.00       3/3           spin_225 [208]
-----------------------------------------------
                0.00    0.00       3/3           work_loop [8]
[197]    0.0    0.00    0.00       3         WL_FID____DDA_GRID_BUILD [197]
-----------------------------------------------
                0.00    0.00       3/3           work_loop [8]
[198]    0.0    0.00    0.00       3         WL_FID____DDA_GRID_BUILD_K835 [198]
-----------------------------------------------
                0.00    0.00       3/3           work_loop [8]
[199]    0.0    0.00    0.00       3         WL_FID____MAIN_OPTIONS_ARGS [199]
-----------------------------------------------
                0.00    0.00       3/3           spin_248 [209]
[200]    0.0    0.00    0.00       3         ctr_take [200]
-----------------------------------------------
                0.00    0.00       3/3           io_exec [19]
[201]    0.0    0.00    0.00       3         io_args_run [201]
                0.00    0.00      39/3879483     rfc_wrap [47]
                0.00    0.00      21/21          io_str [97]
-----------------------------------------------
                0.00    0.00       3/3           io_loop [13]
[202]    0.0    0.00    0.00       3         io_spawn [202]
                0.00    0.00       3/22          io_mem [95]
-----------------------------------------------
                0.00    0.00       3/3           WL_FID____ATELIER_GENERATE [193]
[203]    0.0    0.00    0.00       3         spin_220 [203]
                0.00    0.00    4383/3879483     rfc_wrap [47]
                0.00    0.00       3/2886        heap_alloc_miss [58]
-----------------------------------------------
                0.00    0.00       3/3           WL_FID____ATELIER_GENERATE_K535 [194]
[204]    0.0    0.00    0.00       3         spin_221 [204]
                0.00    0.00    3765/3879483     rfc_wrap [47]
                0.00    0.00       3/2886        heap_alloc_miss [58]
-----------------------------------------------
                0.00    0.00       3/3           WL_FID____ATELIER_GENERATE_K536 [195]
[205]    0.0    0.00    0.00       3         spin_222 [205]
                0.00    0.00    3849/3879483     rfc_wrap [47]
                0.00    0.00       6/2886        heap_alloc_miss [58]
-----------------------------------------------
                0.00    0.00       3/3           WL_FID____ATELIER_GENERATE_K537 [196]
[206]    0.0    0.00    0.00       3         spin_223 [206]
                0.00    0.00      33/3879483     rfc_wrap [47]
-----------------------------------------------
                0.00    0.00       3/3           WL_FID____ATELIER_GENERATE_K537 [196]
[207]    0.0    0.00    0.00       3         spin_224 [207]
                0.00    0.00      45/3879483     rfc_wrap [47]
-----------------------------------------------
                0.00    0.00       3/3           WL_FID____ATELIER_GENERATE_K537 [196]
[208]    0.0    0.00    0.00       3         spin_225 [208]
                0.00    0.00     111/3879483     rfc_wrap [47]
-----------------------------------------------
                0.00    0.00       3/3           WL_FID_MAIN_K1097 [170]
[209]    0.0    0.00    0.00       3         spin_248 [209]
                0.00    0.00       9/18          spare_free [100]
                0.00    0.00       3/3           ctr_take [200]
-----------------------------------------------
                0.00    0.00       3/3           io_exec [19]
[210]    0.0    0.00    0.00       3         window_close_run [210]
-----------------------------------------------
                0.00    0.00       3/3           io_exec [19]
[211]    0.0    0.00    0.00       3         window_open_run [211]
                0.00    0.00       6/22          io_mem [95]
                0.00    0.00       3/9           io_cbuf [111]
-----------------------------------------------

Index by function name

 [119] WL_FID_BODY (accepted-count-prof.c) [160] WL_FID_MAIN_K1085 (accepted-count-prof.c) [33] WL_FID____DDA_GRID_PAINT (accepted-count-prof.c)
  [61] WL_FID_CLO_APPLY (accepted-count-prof.c) [161] WL_FID_MAIN_K1086 (accepted-count-prof.c) [56] WL_FID____DDA_GRID_PAINT_K669 (accepted-count-prof.c)
  [53] WL_FID_ENTER (accepted-count-prof.c) [162] WL_FID_MAIN_K1089 (accepted-count-prof.c) [10] WL_FID____DDA_TREE_PAINT (accepted-count-prof.c)
  [54] WL_FID_EXIT (accepted-count-prof.c) [163] WL_FID_MAIN_K1090 (accepted-count-prof.c) [25] WL_FID____DDA_TREE_PAINT_K516 (accepted-count-prof.c)
  [77] WL_FID_FRAMES (accepted-count-prof.c) [164] WL_FID_MAIN_K1091 (accepted-count-prof.c) [30] WL_FID____DDA_TREE_PAINT_K517 (accepted-count-prof.c)
 [112] WL_FID_FRAMES_C404 (accepted-count-prof.c) [165] WL_FID_MAIN_K1092 (accepted-count-prof.c) [199] WL_FID____MAIN_OPTIONS_ARGS (accepted-count-prof.c)
  [79] WL_FID_FRAMES_C406 (accepted-count-prof.c) [166] WL_FID_MAIN_K1093 (accepted-count-prof.c) [96] WL_FID____MAIN_OPTIONS_ARGS_K958 (accepted-count-prof.c)
  [80] WL_FID_FRAMES_C414 (accepted-count-prof.c) [167] WL_FID_MAIN_K1094 (accepted-count-prof.c) [115] WL_FID____MAIN_OPTIONS_DEPTH (accepted-count-prof.c)
  [81] WL_FID_FRAMES_K405 (accepted-count-prof.c) [168] WL_FID_MAIN_K1095 (accepted-count-prof.c) [116] WL_FID____MAIN_OPTIONS_DEPTH_K854 (accepted-count-prof.c)
  [82] WL_FID_FRAME_DRAWN_C407 (accepted-count-prof.c) [169] WL_FID_MAIN_K1096 (accepted-count-prof.c) [37] WL_FID____MAIN_OPTIONS_FLAG (accepted-count-prof.c)
  [43] WL_FID_FRAME_DRAWN_C408 (accepted-count-prof.c) [170] WL_FID_MAIN_K1097 (accepted-count-prof.c) [70] WL_FID____MAIN_OPTIONS_FLAG_K952 (accepted-count-prof.c)
  [83] WL_FID_FRAME_DRAWN_C410 (accepted-count-prof.c) [171] WL_FID_MAIN_K1118 (accepted-count-prof.c) [38] WL_FID____MAIN_OPTIONS_HAS (accepted-count-prof.c)
  [84] WL_FID_FRAME_DRAWN_C411 (accepted-count-prof.c) [172] WL_FID_MAIN_K1124 (accepted-count-prof.c) [72] WL_FID____MAIN_OPTIONS_HAS_K955 (accepted-count-prof.c)
  [85] WL_FID_FRAME_DRAWN_C412 (accepted-count-prof.c) [173] WL_FID_MAIN_K1125 (accepted-count-prof.c) [73] WL_FID____MAIN_OPTIONS_HAS_K956 (accepted-count-prof.c)
  [86] WL_FID_FRAME_DRAWN_C413 (accepted-count-prof.c) [174] WL_FID_MAIN_K1126 (accepted-count-prof.c) [104] WL_FID____MAIN_OPTIONS_NUMBER (accepted-count-prof.c)
  [87] WL_FID_FRAME_DRAWN_K409 (accepted-count-prof.c) [175] WL_FID_MAIN_K1127 (accepted-count-prof.c) [110] WL_FID____MAIN_OPTIONS_NUMBER_K945 (accepted-count-prof.c)
  [88] WL_FID_IMAGE_DROP (accepted-count-prof.c) [176] WL_FID_MAIN_K1130 (accepted-count-prof.c) [17] WL_FID____RENDER_PIXEL_PRESENT (accepted-count-prof.c)
  [29] WL_FID_IMAGE_FREE (accepted-count-prof.c) [177] WL_FID_MAIN_K1131 (accepted-count-prof.c) [32] _init
  [48] WL_FID_IMAGE_FREE_J69 (accepted-count-prof.c) [178] WL_FID_MAIN_K1132 (accepted-count-prof.c) [27] corpus_eval (accepted-count-prof.c)
  [49] WL_FID_IMAGE_FREE_K69 (accepted-count-prof.c) [179] WL_FID_MAIN_K1168 (accepted-count-prof.c) [200] ctr_take (accepted-count-prof.c)
  [50] WL_FID_IMAGE_FREE_K70 (accepted-count-prof.c) [180] WL_FID_MAIN_K1173 (accepted-count-prof.c) [58] heap_alloc_miss (accepted-count-prof.c)
  [51] WL_FID_IMAGE_FREE_K71 (accepted-count-prof.c) [181] WL_FID_MAIN_K1180 (accepted-count-prof.c) [60] heap_hand (accepted-count-prof.c)
  [52] WL_FID_IMAGE_FREE_K72 (accepted-count-prof.c) [182] WL_FID_MAIN_K1181 (accepted-count-prof.c) [201] io_args_run
 [120] WL_FID_IO_ARGS (accepted-count-prof.c) [183] WL_FID_MAIN_K1182 (accepted-count-prof.c) [111] io_cbuf (accepted-count-prof.c)
  [66] WL_FID_IO_BIND (accepted-count-prof.c) [184] WL_FID_MAIN_K1183 (accepted-count-prof.c) [19] io_exec (accepted-count-prof.c)
  [67] WL_FID_IO_BIND_C1070 (accepted-count-prof.c) [185] WL_FID_MAIN_K1184 (accepted-count-prof.c) [13] io_loop (accepted-count-prof.c)
  [68] WL_FID_IO_BIND_K1071 (accepted-count-prof.c) [107] WL_FID_NAT_SHOW (accepted-count-prof.c) [95] io_mem (accepted-count-prof.c)
 [121] WL_FID_IO_EMIT (accepted-count-prof.c) [108] WL_FID_NAT_SHOW_FIN (accepted-count-prof.c) [105] io_now_run
 [103] WL_FID_IO_NOW (accepted-count-prof.c) [114] WL_FID_REQUIRE_C509 (accepted-count-prof.c) [106] io_out (accepted-count-prof.c)
 [122] WL_FID_IO_PASS_C463 (accepted-count-prof.c) [40] WL_FID_SCENE_BUILD (accepted-count-prof.c) [117] io_print_run
 [113] WL_FID_IO_PRINT (accepted-count-prof.c) [45] WL_FID_SCENE_BUILD_K772 (accepted-count-prof.c) [202] io_spawn (accepted-count-prof.c)
  [71] WL_FID_IO_PURE (accepted-count-prof.c) [89] WL_FID_SCENE_DRAW (accepted-count-prof.c) [15] io_step (accepted-count-prof.c)
 [123] WL_FID_IO_TRY_C550 (accepted-count-prof.c) [90] WL_FID_SCENE_DRAW_K760 (accepted-count-prof.c) [97] io_str (accepted-count-prof.c)
 [124] WL_FID_IO_TRY_C551 (accepted-count-prof.c) [39] WL_FID_STRING_APPEND (accepted-count-prof.c) [78] io_sync (accepted-count-prof.c)
 [125] WL_FID_MAIN (accepted-count-prof.c) [69] WL_FID_STRING_APPEND_K758 (accepted-count-prof.c) [9] monk_step (accepted-count-prof.c)
 [126] WL_FID_MAIN_C1073 (accepted-count-prof.c) [35] WL_FID_STRING_CMP (accepted-count-prof.c) [93] pool_open (accepted-count-prof.c)
 [127] WL_FID_MAIN_C1074 (accepted-count-prof.c) [62] WL_FID_STRING_CMP_K688 (accepted-count-prof.c) [118] pool_stack (accepted-count-prof.c)
 [128] WL_FID_MAIN_C1083 (accepted-count-prof.c) [63] WL_FID_STRING_EQ (accepted-count-prof.c) [74] pool_turn (accepted-count-prof.c)
 [129] WL_FID_MAIN_C1084 (accepted-count-prof.c) [64] WL_FID_STRING_EQ_K947 (accepted-count-prof.c) [1] pool_work (accepted-count-prof.c)
 [130] WL_FID_MAIN_C1087 (accepted-count-prof.c) [65] WL_FID_STRING_ORDER (accepted-count-prof.c) [47] rfc_wrap (accepted-count-prof.c)
 [131] WL_FID_MAIN_C1088 (accepted-count-prof.c) [36] WL_FID_STRING_ORDER_K846 (accepted-count-prof.c) [24] span_fade (accepted-count-prof.c)
 [132] WL_FID_MAIN_C1116 (accepted-count-prof.c) [186] WL_FID_U32_POW (accepted-count-prof.c) [100] spare_free (accepted-count-prof.c)
 [133] WL_FID_MAIN_C1117 (accepted-count-prof.c) [94] WL_FID_U32_POW_K671 (accepted-count-prof.c) [6] spin_102 (accepted-count-prof.c)
 [134] WL_FID_MAIN_C1119 (accepted-count-prof.c) [41] WL_FID_U32_READ (accepted-count-prof.c) [4] spin_141 (accepted-count-prof.c)
 [135] WL_FID_MAIN_C1120 (accepted-count-prof.c) [42] WL_FID_U32_READ_GO (accepted-count-prof.c) [12] spin_161 (accepted-count-prof.c)
 [136] WL_FID_MAIN_C1121 (accepted-count-prof.c) [187] WL_FID_WINDOW_CLOSE (accepted-count-prof.c) [3] spin_181 (accepted-count-prof.c)
 [137] WL_FID_MAIN_C1122 (accepted-count-prof.c) [91] WL_FID_WINDOW_FRAME (accepted-count-prof.c) [28] spin_182 (accepted-count-prof.c)
 [138] WL_FID_MAIN_C1123 (accepted-count-prof.c) [188] WL_FID_WINDOW_OPEN (accepted-count-prof.c) [31] spin_218 (accepted-count-prof.c)
 [139] WL_FID_MAIN_C1128 (accepted-count-prof.c) [189] WL_FID____ATELIER_ASSEMBLIES (accepted-count-prof.c) [203] spin_220 (accepted-count-prof.c)
 [140] WL_FID_MAIN_C1129 (accepted-count-prof.c) [98] WL_FID____ATELIER_ASSEMBLIES_K539 (accepted-count-prof.c) [204] spin_221 (accepted-count-prof.c)
 [141] WL_FID_MAIN_C1166 (accepted-count-prof.c) [190] WL_FID____ATELIER_BODY (accepted-count-prof.c) [205] spin_222 (accepted-count-prof.c)
 [142] WL_FID_MAIN_C1167 (accepted-count-prof.c) [191] WL_FID____ATELIER_BODY_K692 (accepted-count-prof.c) [206] spin_223 (accepted-count-prof.c)
 [143] WL_FID_MAIN_C1169 (accepted-count-prof.c) [192] WL_FID____ATELIER_BODY_K693 (accepted-count-prof.c) [207] spin_224 (accepted-count-prof.c)
 [144] WL_FID_MAIN_C1170 (accepted-count-prof.c) [99] WL_FID____ATELIER_CUBOIDS (accepted-count-prof.c) [208] spin_225 (accepted-count-prof.c)
 [145] WL_FID_MAIN_C1171 (accepted-count-prof.c) [55] WL_FID____ATELIER_CUBOIDS_K359 (accepted-count-prof.c) [46] spin_235 (accepted-count-prof.c)
 [146] WL_FID_MAIN_C1172 (accepted-count-prof.c) [193] WL_FID____ATELIER_GENERATE (accepted-count-prof.c) [209] spin_248 (accepted-count-prof.c)
 [147] WL_FID_MAIN_C1174 (accepted-count-prof.c) [194] WL_FID____ATELIER_GENERATE_K535 (accepted-count-prof.c) [7] spin_45 (accepted-count-prof.c)
 [148] WL_FID_MAIN_C1175 (accepted-count-prof.c) [195] WL_FID____ATELIER_GENERATE_K536 (accepted-count-prof.c) [75] spin_5 (accepted-count-prof.c)
 [149] WL_FID_MAIN_C1176 (accepted-count-prof.c) [196] WL_FID____ATELIER_GENERATE_K537 (accepted-count-prof.c) [101] spin_74 (accepted-count-prof.c)
  [44] WL_FID_MAIN_C1177 (accepted-count-prof.c) [109] WL_FID____ATELIER_TRANSLATE (accepted-count-prof.c) [102] spin_82 (accepted-count-prof.c)
 [150] WL_FID_MAIN_C1178 (accepted-count-prof.c) [57] WL_FID____ATELIER_TRANSLATE_K354 (accepted-count-prof.c) [76] spin_83 (accepted-count-prof.c)
 [151] WL_FID_MAIN_C1179 (accepted-count-prof.c) [92] WL_FID____DDA_FRAME_FORK (accepted-count-prof.c) [59] spin_85 (accepted-count-prof.c)
 [152] WL_FID_MAIN_K1075 (accepted-count-prof.c) [2] WL_FID____DDA_FRAME_SEQ (accepted-count-prof.c) [5] spin_99 (accepted-count-prof.c)
 [153] WL_FID_MAIN_K1076 (accepted-count-prof.c) [16] WL_FID____DDA_FRAME_SEQ_K428 (accepted-count-prof.c) [11] term_drop (accepted-count-prof.c)
 [154] WL_FID_MAIN_K1077 (accepted-count-prof.c) [18] WL_FID____DDA_FRAME_SEQ_K429 (accepted-count-prof.c) [210] window_close_run
 [155] WL_FID_MAIN_K1078 (accepted-count-prof.c) [23] WL_FID____DDA_FRAME_SEQ_K430 (accepted-count-prof.c) [20] window_frame (accepted-count-prof.c)
 [156] WL_FID_MAIN_K1079 (accepted-count-prof.c) [26] WL_FID____DDA_FRAME_SEQ_K431 (accepted-count-prof.c) [21] window_frame_run
 [157] WL_FID_MAIN_K1080 (accepted-count-prof.c) [197] WL_FID____DDA_GRID_BUILD (accepted-count-prof.c) [211] window_open_run
 [158] WL_FID_MAIN_K1081 (accepted-count-prof.c) [34] WL_FID____DDA_GRID_BUILD_K834 (accepted-count-prof.c) [22] window_sq (accepted-count-prof.c)
 [159] WL_FID_MAIN_K1082 (accepted-count-prof.c) [198] WL_FID____DDA_GRID_BUILD_K835 (accepted-count-prof.c) [8] work_loop (accepted-count-prof.c)
