Flat profile:

Each sample counts as 0.01 seconds.
  %   cumulative   self              self     total           
 time   seconds   seconds    calls  ms/call  ms/call  name    
 40.92     18.24    18.24 513020016     0.00     0.00  spin_61
 36.74     34.62    16.38 183589584     0.00     0.00  spin_102
 11.42     39.71     5.09 171006672     0.00     0.00  spin_99
  2.85     40.98     1.27 12582912     0.00     0.00  spin_141
  1.46     41.63     0.65 12582912     0.00     0.00  WL_FID____DDA_FRAME_SEQ
  1.23     42.18     0.55 14306851     0.00     0.00  term_drop
  1.10     42.67     0.49 12582912     0.00     0.00  spin_181
  0.85     43.05     0.38  4194288     0.00     0.00  WL_FID____DDA_FRAME_SEQ_K429
  0.61     43.32     0.27       48     5.62     5.62  window_sq
  0.54     43.56     0.24  4194288     0.00     0.00  WL_FID____DDA_FRAME_SEQ_K428
  0.34     43.71     0.15 12582912     0.00     0.00  WL_FID____RENDER_PIXEL_PRESENT
  0.34     43.86     0.15  4194288     0.00     0.00  WL_FID____DDA_FRAME_SEQ_K431
  0.31     44.00     0.14  4194288     0.00     0.00  WL_FID____DDA_FRAME_SEQ_K430
  0.27     44.12     0.12  3961140     0.00     0.00  WL_FID____DDA_TREE_PAINT
  0.25     44.23     0.11  7910076     0.00     0.00  spin_161
  0.20     44.32     0.09 37748736     0.00     0.00  spin_182
  0.20     44.41     0.09  3955038     0.00     0.00  WL_FID____DDA_TREE_PAINT_K516
  0.12     44.47     0.06  3483390     0.00     0.00  span_fade
  0.07     44.49     0.03                             _init
  0.04     44.52     0.02     2886     0.01     0.01  heap_alloc_miss
  0.02     44.52     0.01  3879717     0.00     0.00  rfc_wrap
  0.02     44.53     0.01   860160     0.00     0.01  monk_step
  0.02     44.55     0.01   802800     0.00     0.00  WL_FID_IMAGE_FREE
  0.02     44.55     0.01   245760     0.00     0.00  WL_FID_IMAGE_FREE_K70
  0.02     44.56     0.01    65973     0.00     0.00  WL_FID_EXIT
  0.02     44.58     0.01                             pool_work
  0.01     44.58     0.01      846     0.01     0.01  heap_hand
  0.00     44.58     0.00  3955038     0.00     0.00  WL_FID____DDA_TREE_PAINT_K517
  0.00     44.58     0.00  3955038     0.00     0.00  spin_218
  0.00     44.58     0.00   262128     0.00     0.00  WL_FID_IMAGE_FREE_J69
  0.00     44.58     0.00   245760     0.00     0.00  WL_FID_IMAGE_FREE_K69
  0.00     44.58     0.00   245760     0.00     0.00  WL_FID_IMAGE_FREE_K71
  0.00     44.58     0.00   245760     0.00     0.00  WL_FID_IMAGE_FREE_K72
  0.00     44.58     0.00    82149     0.00     0.00  WL_FID_ENTER
  0.00     44.58     0.00    16545     0.00     0.38  work_loop
  0.00     44.58     0.00     6105     0.00     0.00  WL_FID____DDA_GRID_PAINT
  0.00     44.58     0.00     6102     0.00     0.00  WL_FID____ATELIER_CUBOIDS_K359
  0.00     44.58     0.00     6102     0.00     0.00  WL_FID____DDA_GRID_PAINT_K669
  0.00     44.58     0.00     6003     0.00     0.00  WL_FID____ATELIER_TRANSLATE_K354
  0.00     44.58     0.00      900     0.00     0.00  spin_85
  0.00     44.58     0.00      750     0.00     0.00  WL_FID_CLO_APPLY
  0.00     44.58     0.00      300     0.00     0.00  WL_FID_STRING_CMP_K688
  0.00     44.58     0.00      234     0.00     0.00  WL_FID_STRING_CMP
  0.00     44.58     0.00      234     0.00     0.00  WL_FID_STRING_EQ
  0.00     44.58     0.00      234     0.00     0.00  WL_FID_STRING_EQ_K947
  0.00     44.58     0.00      234     0.00     0.00  WL_FID_STRING_ORDER
  0.00     44.58     0.00      234     0.00     0.00  WL_FID_STRING_ORDER_K846
  0.00     44.58     0.00      186     0.00     0.00  WL_FID_IO_BIND
  0.00     44.58     0.00      186     0.00     0.00  WL_FID_IO_BIND_C1070
  0.00     44.58     0.00      186     0.00     0.00  WL_FID_IO_BIND_K1071
  0.00     44.58     0.00      138     0.00     0.00  WL_FID____MAIN_OPTIONS_FLAG
  0.00     44.58     0.00      126     0.00     0.00  WL_FID_STRING_APPEND_K758
  0.00     44.58     0.00      120     0.00     0.00  WL_FID____MAIN_OPTIONS_HAS
  0.00     44.58     0.00      117     0.00     0.00  WL_FID____MAIN_OPTIONS_FLAG_K952
  0.00     44.58     0.00      114     0.00     0.00  WL_FID_IO_PURE
  0.00     44.58     0.00      105     0.00     0.00  WL_FID____MAIN_OPTIONS_HAS_K955
  0.00     44.58     0.00      105     0.00     0.00  WL_FID____MAIN_OPTIONS_HAS_K956
  0.00     44.58     0.00       96     0.00     0.00  pool_turn
  0.00     44.58     0.00       90     0.00     0.00  spin_5
  0.00     44.58     0.00       90     0.00     0.00  spin_83
  0.00     44.58     0.00       81     0.00     1.06  corpus_eval
  0.00     44.58     0.00       75     0.00     3.60  io_exec
  0.00     44.58     0.00       54     0.00     0.00  WL_FID_FRAMES
  0.00     44.58     0.00       51     0.00     0.00  io_sync
  0.00     44.58     0.00       48     0.00     0.00  WL_FID_FRAMES_C406
  0.00     44.58     0.00       48     0.00     0.00  WL_FID_FRAMES_C414
  0.00     44.58     0.00       48     0.00     0.00  WL_FID_FRAMES_K405
  0.00     44.58     0.00       48     0.00     0.00  WL_FID_FRAME_DRAWN_C407
  0.00     44.58     0.00       48     0.00     0.00  WL_FID_FRAME_DRAWN_C408
  0.00     44.58     0.00       48     0.00     0.00  WL_FID_FRAME_DRAWN_C410
  0.00     44.58     0.00       48     0.00     0.00  WL_FID_FRAME_DRAWN_C411
  0.00     44.58     0.00       48     0.00     0.00  WL_FID_FRAME_DRAWN_C412
  0.00     44.58     0.00       48     0.00     0.00  WL_FID_FRAME_DRAWN_C413
  0.00     44.58     0.00       48     0.00     0.00  WL_FID_FRAME_DRAWN_K409
  0.00     44.58     0.00       48     0.00     0.00  WL_FID_IMAGE_DROP
  0.00     44.58     0.00       48     0.00     0.00  WL_FID_SCENE_DRAW
  0.00     44.58     0.00       48     0.00     0.00  WL_FID_SCENE_DRAW_K760
  0.00     44.58     0.00       48     0.00     0.00  WL_FID_WINDOW_FRAME
  0.00     44.58     0.00       48     0.00     0.00  WL_FID____DDA_FRAME_FORK
  0.00     44.58     0.00       48     0.00     0.00  pool_open
  0.00     44.58     0.00       48     0.00     5.63  window_frame
  0.00     44.58     0.00       48     0.00     5.63  window_frame_run
  0.00     44.58     0.00       27     0.00     0.00  WL_FID_U32_POW_K671
  0.00     44.58     0.00       24     0.00     0.00  io_mem
  0.00     44.58     0.00       21     0.00     0.00  WL_FID____MAIN_OPTIONS_ARGS_K958
  0.00     44.58     0.00       21     0.00     0.00  io_str
  0.00     44.58     0.00       18     0.00     0.00  WL_FID_STRING_APPEND
  0.00     44.58     0.00       18     0.00     0.00  WL_FID____ATELIER_ASSEMBLIES_K539
  0.00     44.58     0.00       18     0.00     0.00  WL_FID____ATELIER_CUBOIDS
  0.00     44.58     0.00       18     0.00     0.00  spare_free
  0.00     44.58     0.00       15     0.00     0.00  spin_74
  0.00     44.58     0.00       15     0.00     0.00  spin_82
  0.00     44.58     0.00       12     0.00     0.00  WL_FID_IO_NOW
  0.00     44.58     0.00       12     0.00     0.00  WL_FID____MAIN_OPTIONS_NUMBER
  0.00     44.58     0.00       12     0.00     0.00  io_now_run
  0.00     44.58     0.00       12     0.00     0.00  io_out
  0.00     44.58     0.00        9     0.00     0.00  WL_FID_NAT_SHOW
  0.00     44.58     0.00        9     0.00     0.00  WL_FID_NAT_SHOW_FIN
  0.00     44.58     0.00        9     0.00     0.00  WL_FID_U32_READ
  0.00     44.58     0.00        9     0.00     0.00  WL_FID_U32_READ_GO
  0.00     44.58     0.00        9     0.00     0.00  WL_FID____ATELIER_TRANSLATE
  0.00     44.58     0.00        9     0.00     0.00  WL_FID____MAIN_OPTIONS_NUMBER_K945
  0.00     44.58     0.00        9     0.00     0.00  io_cbuf
  0.00     44.58     0.00        6     0.00     0.00  WL_FID_FRAMES_C404
  0.00     44.58     0.00        6     0.00     0.00  WL_FID_IO_PRINT
  0.00     44.58     0.00        6     0.00     0.00  WL_FID_REQUIRE_C509
  0.00     44.58     0.00        6     0.00     0.00  WL_FID____MAIN_OPTIONS_DEPTH
  0.00     44.58     0.00        6     0.00     0.00  WL_FID____MAIN_OPTIONS_DEPTH_K854
  0.00     44.58     0.00        6     0.00     0.00  io_print_run
  0.00     44.58     0.00        6     0.00     0.00  pool_stack
  0.00     44.58     0.00        3     0.00     0.00  WL_FID_BODY
  0.00     44.58     0.00        3     0.00     0.01  WL_FID_IO_ARGS
  0.00     44.58     0.00        3     0.00     0.00  WL_FID_IO_EMIT
  0.00     44.58     0.00        3     0.00     0.00  WL_FID_IO_PASS_C463
  0.00     44.58     0.00        3     0.00     0.00  WL_FID_IO_TRY_C550
  0.00     44.58     0.00        3     0.00     0.00  WL_FID_IO_TRY_C551
  0.00     44.58     0.00        3     0.00     0.00  WL_FID_MAIN
  0.00     44.58     0.00        3     0.00     0.00  WL_FID_MAIN_C1073
  0.00     44.58     0.00        3     0.00     0.00  WL_FID_MAIN_C1074
  0.00     44.58     0.00        3     0.00     0.00  WL_FID_MAIN_C1083
  0.00     44.58     0.00        3     0.00     0.00  WL_FID_MAIN_C1084
  0.00     44.58     0.00        3     0.00     0.00  WL_FID_MAIN_C1087
  0.00     44.58     0.00        3     0.00     0.00  WL_FID_MAIN_C1088
  0.00     44.58     0.00        3     0.00     0.00  WL_FID_MAIN_C1116
  0.00     44.58     0.00        3     0.00     0.01  WL_FID_MAIN_C1117
  0.00     44.58     0.00        3     0.00     0.00  WL_FID_MAIN_C1119
  0.00     44.58     0.00        3     0.00     0.00  WL_FID_MAIN_C1120
  0.00     44.58     0.00        3     0.00     0.00  WL_FID_MAIN_C1121
  0.00     44.58     0.00        3     0.00     0.00  WL_FID_MAIN_C1122
  0.00     44.58     0.00        3     0.00     0.00  WL_FID_MAIN_C1123
  0.00     44.58     0.00        3     0.00     0.00  WL_FID_MAIN_C1128
  0.00     44.58     0.00        3     0.00     0.00  WL_FID_MAIN_C1129
  0.00     44.58     0.00        3     0.00     0.00  WL_FID_MAIN_C1166
  0.00     44.58     0.00        3     0.00     0.00  WL_FID_MAIN_C1167
  0.00     44.58     0.00        3     0.00     0.00  WL_FID_MAIN_C1169
  0.00     44.58     0.00        3     0.00     0.00  WL_FID_MAIN_C1170
  0.00     44.58     0.00        3     0.00     0.00  WL_FID_MAIN_C1171
  0.00     44.58     0.00        3     0.00     0.00  WL_FID_MAIN_C1172
  0.00     44.58     0.00        3     0.00     0.00  WL_FID_MAIN_C1174
  0.00     44.58     0.00        3     0.00     0.00  WL_FID_MAIN_C1175
  0.00     44.58     0.00        3     0.00     0.00  WL_FID_MAIN_C1176
  0.00     44.58     0.00        3     0.00     0.00  WL_FID_MAIN_C1177
  0.00     44.58     0.00        3     0.00     0.00  WL_FID_MAIN_C1178
  0.00     44.58     0.00        3     0.00     0.00  WL_FID_MAIN_C1179
  0.00     44.58     0.00        3     0.00     0.00  WL_FID_MAIN_K1075
  0.00     44.58     0.00        3     0.00     0.01  WL_FID_MAIN_K1076
  0.00     44.58     0.00        3     0.00     0.00  WL_FID_MAIN_K1077
  0.00     44.58     0.00        3     0.00     0.00  WL_FID_MAIN_K1078
  0.00     44.58     0.00        3     0.00     0.00  WL_FID_MAIN_K1079
  0.00     44.58     0.00        3     0.00     0.01  WL_FID_MAIN_K1080
  0.00     44.58     0.00        3     0.00     0.00  WL_FID_MAIN_K1081
  0.00     44.58     0.00        3     0.00     0.00  WL_FID_MAIN_K1082
  0.00     44.58     0.00        3     0.00     0.00  WL_FID_MAIN_K1085
  0.00     44.58     0.00        3     0.00     0.00  WL_FID_MAIN_K1086
  0.00     44.58     0.00        3     0.00     0.00  WL_FID_MAIN_K1089
  0.00     44.58     0.00        3     0.00     0.00  WL_FID_MAIN_K1090
  0.00     44.58     0.00        3     0.00     0.00  WL_FID_MAIN_K1091
  0.00     44.58     0.00        3     0.00     0.00  WL_FID_MAIN_K1092
  0.00     44.58     0.00        3     0.00     0.00  WL_FID_MAIN_K1093
  0.00     44.58     0.00        3     0.00     0.00  WL_FID_MAIN_K1094
  0.00     44.58     0.00        3     0.00     0.00  WL_FID_MAIN_K1095
  0.00     44.58     0.00        3     0.00     0.00  WL_FID_MAIN_K1096
  0.00     44.58     0.00        3     0.00     0.00  WL_FID_MAIN_K1097
  0.00     44.58     0.00        3     0.00     0.00  WL_FID_MAIN_K1118
  0.00     44.58     0.00        3     0.00     0.00  WL_FID_MAIN_K1124
  0.00     44.58     0.00        3     0.00     0.00  WL_FID_MAIN_K1125
  0.00     44.58     0.00        3     0.00     0.00  WL_FID_MAIN_K1126
  0.00     44.58     0.00        3     0.00     0.00  WL_FID_MAIN_K1127
  0.00     44.58     0.00        3     0.00     0.00  WL_FID_MAIN_K1130
  0.00     44.58     0.00        3     0.00     0.00  WL_FID_MAIN_K1131
  0.00     44.58     0.00        3     0.00     0.00  WL_FID_MAIN_K1132
  0.00     44.58     0.00        3     0.00     0.00  WL_FID_MAIN_K1168
  0.00     44.58     0.00        3     0.00     0.00  WL_FID_MAIN_K1173
  0.00     44.58     0.00        3     0.00     0.00  WL_FID_MAIN_K1180
  0.00     44.58     0.00        3     0.00     0.00  WL_FID_MAIN_K1181
  0.00     44.58     0.00        3     0.00     0.00  WL_FID_MAIN_K1182
  0.00     44.58     0.00        3     0.00     0.00  WL_FID_MAIN_K1183
  0.00     44.58     0.00        3     0.00     0.00  WL_FID_MAIN_K1184
  0.00     44.58     0.00        3     0.00     0.00  WL_FID_SCENE_BUILD
  0.00     44.58     0.00        3     0.00     0.00  WL_FID_SCENE_BUILD_K772
  0.00     44.58     0.00        3     0.00     0.00  WL_FID_U32_POW
  0.00     44.58     0.00        3     0.00     0.00  WL_FID_WINDOW_CLOSE
  0.00     44.58     0.00        3     0.00     0.00  WL_FID_WINDOW_OPEN
  0.00     44.58     0.00        3     0.00     0.00  WL_FID____ATELIER_ASSEMBLIES
  0.00     44.58     0.00        3     0.00     0.00  WL_FID____ATELIER_BODY
  0.00     44.58     0.00        3     0.00     0.00  WL_FID____ATELIER_BODY_K692
  0.00     44.58     0.00        3     0.00     0.00  WL_FID____ATELIER_BODY_K693
  0.00     44.58     0.00        3     0.00     0.01  WL_FID____ATELIER_GENERATE
  0.00     44.58     0.00        3     0.00     0.01  WL_FID____ATELIER_GENERATE_K535
  0.00     44.58     0.00        3     0.00     0.02  WL_FID____ATELIER_GENERATE_K536
  0.00     44.58     0.00        3     0.00     0.00  WL_FID____ATELIER_GENERATE_K537
  0.00     44.58     0.00        3     0.00     0.00  WL_FID____DDA_GRID_BUILD
  0.00     44.58     0.00        3     0.00     0.13  WL_FID____DDA_GRID_BUILD_K834
  0.00     44.58     0.00        3     0.00     0.00  WL_FID____DDA_GRID_BUILD_K835
  0.00     44.58     0.00        3     0.00     0.00  WL_FID____MAIN_OPTIONS_ARGS
  0.00     44.58     0.00        3     0.00     0.00  ctr_take
  0.00     44.58     0.00        3     0.00     0.00  io_args_run
  0.00     44.58     0.00        3     0.00   118.73  io_loop
  0.00     44.58     0.00        3     0.00     0.00  io_spawn
  0.00     44.58     0.00        3     0.00   117.66  io_step
  0.00     44.58     0.00        3     0.00     0.01  spin_220
  0.00     44.58     0.00        3     0.00     0.01  spin_221
  0.00     44.58     0.00        3     0.00     0.02  spin_222
  0.00     44.58     0.00        3     0.00     0.00  spin_223
  0.00     44.58     0.00        3     0.00     0.00  spin_224
  0.00     44.58     0.00        3     0.00     0.00  spin_225
  0.00     44.58     0.00        3     0.00     0.00  spin_235
  0.00     44.58     0.00        3     0.00     0.00  spin_248
  0.00     44.58     0.00        3     0.00     0.00  window_close_run
  0.00     44.58     0.00        3     0.00     0.00  window_open_run

			Call graph


granularity: each sample hit covers 4 byte(s) for 0.02% of 44.58 seconds

index % time    self  children    called     name
                                                 <spontaneous>
[1]     99.1    0.01   44.18                 pool_work [1]
                0.57   36.37 11010048/12582912     WL_FID____DDA_FRAME_SEQ [2]
                0.01    6.25  860160/860160      monk_step [9]
                0.33    0.00 3670002/4194288     WL_FID____DDA_FRAME_SEQ_K429 [13]
                0.21    0.00 3670002/4194288     WL_FID____DDA_FRAME_SEQ_K428 [21]
                0.13    0.00 3670002/4194288     WL_FID____DDA_FRAME_SEQ_K431 [24]
                0.13    0.00 11010048/12582912     WL_FID____RENDER_PIXEL_PRESENT [25]
                0.12    0.00 3670002/4194288     WL_FID____DDA_FRAME_SEQ_K430 [26]
                0.01    0.03  786432/802800      WL_FID_IMAGE_FREE [29]
                0.01    0.00  245760/245760      WL_FID_IMAGE_FREE_K70 [35]
                0.01    0.00   65802/65973       WL_FID_EXIT [36]
                0.00    0.00     492/750         WL_FID_CLO_APPLY [40]
                0.00    0.00      48/48          WL_FID_FRAME_DRAWN_C410 [42]
                0.00    0.00     138/186         WL_FID_IO_BIND [41]
                0.00    0.00   65604/82149       WL_FID_ENTER [45]
                0.00    0.00      48/48          WL_FID_FRAME_DRAWN_C413 [50]
                0.00    0.00      42/48          WL_FID_FRAMES_C406 [48]
                0.00    0.00      42/48          WL_FID_FRAME_DRAWN_C407 [49]
                0.00    0.00      48/48          WL_FID_FRAMES_C414 [53]
                0.00    0.00      42/48          WL_FID_SCENE_DRAW [57]
                0.00    0.00       6/12          WL_FID_IO_NOW [58]
                0.00    0.00  262128/262128      WL_FID_IMAGE_FREE_J69 [85]
                0.00    0.00  245760/245760      WL_FID_IMAGE_FREE_K69 [86]
                0.00    0.00  245760/245760      WL_FID_IMAGE_FREE_K71 [87]
                0.00    0.00  245760/245760      WL_FID_IMAGE_FREE_K72 [88]
                0.00    0.00     150/186         WL_FID_IO_BIND_K1071 [95]
                0.00    0.00     102/114         WL_FID_IO_PURE [97]
                0.00    0.00     102/186         WL_FID_IO_BIND_C1070 [94]
                0.00    0.00      48/48          WL_FID_FRAME_DRAWN_K409 [108]
                0.00    0.00      48/48          WL_FID_FRAME_DRAWN_C411 [106]
                0.00    0.00      48/48          WL_FID_FRAME_DRAWN_C412 [107]
                0.00    0.00      48/54          WL_FID_FRAMES [103]
                0.00    0.00      42/48          WL_FID____DDA_FRAME_FORK [112]
                0.00    0.00      42/48          WL_FID_SCENE_DRAW_K760 [110]
                0.00    0.00      42/48          WL_FID_FRAMES_K405 [105]
                0.00    0.00      42/48          WL_FID_WINDOW_FRAME [111]
                0.00    0.00       6/6           WL_FID_FRAMES_C404 [128]
                0.00    0.00       3/6           pool_stack [134]
                0.00    0.00       3/3           WL_FID_MAIN_C1170 [158]
                0.00    0.00       3/3           WL_FID_MAIN_C1171 [159]
                0.00    0.00       3/3           WL_FID_MAIN_C1175 [162]
                0.00    0.00       3/3           WL_FID_MAIN_C1176 [163]
-----------------------------------------------
                0.08    5.20 1572864/12582912     work_loop [8]
                0.57   36.37 11010048/12582912     pool_work [1]
[2]     94.7    0.65   41.56 12582912         WL_FID____DDA_FRAME_SEQ [2]
                0.49   41.07 12582912/12582912     spin_181 [3]
-----------------------------------------------
                0.49   41.07 12582912/12582912     WL_FID____DDA_FRAME_SEQ [2]
[3]     93.2    0.49   41.07 12582912         spin_181 [3]
                1.27   38.59 12582912/12582912     spin_141 [4]
                1.12    0.00 12582912/183589584     spin_102 [7]
                0.09    0.00 37748736/37748736     spin_182 [27]
-----------------------------------------------
                1.27   38.59 12582912/12582912     spin_181 [3]
[4]     89.4    1.27   38.59 12582912         spin_141 [4]
                5.09   18.24 171006672/171006672     spin_99 [5]
               15.26    0.00 171006672/183589584     spin_102 [7]
-----------------------------------------------
                5.09   18.24 171006672/171006672     spin_141 [4]
[5]     52.3    5.09   18.24 171006672         spin_99 [5]
               18.24    0.00 513020016/513020016     spin_61 [6]
-----------------------------------------------
               18.24    0.00 513020016/513020016     spin_99 [5]
[6]     40.9   18.24    0.00 513020016         spin_61 [6]
-----------------------------------------------
                1.12    0.00 12582912/183589584     spin_181 [3]
               15.26    0.00 171006672/183589584     spin_141 [4]
[7]     36.7   16.38    0.00 183589584         spin_102 [7]
-----------------------------------------------
                0.00    0.09     225/16545       corpus_eval [28]
                0.00    6.25   16320/16545       monk_step [9]
[8]     14.2    0.00    6.33   16545         work_loop [8]
                0.08    5.20 1572864/12582912     WL_FID____DDA_FRAME_SEQ [2]
                0.12    0.55 3961140/3961140     WL_FID____DDA_TREE_PAINT [10]
                0.09    0.13 3955038/3955038     WL_FID____DDA_TREE_PAINT_K516 [22]
                0.05    0.00  524286/4194288     WL_FID____DDA_FRAME_SEQ_K429 [13]
                0.03    0.00  524286/4194288     WL_FID____DDA_FRAME_SEQ_K428 [21]
                0.00    0.03 3955038/3955038     WL_FID____DDA_TREE_PAINT_K517 [31]
                0.02    0.00  524286/4194288     WL_FID____DDA_FRAME_SEQ_K431 [24]
                0.02    0.00 1572864/12582912     WL_FID____RENDER_PIXEL_PRESENT [25]
                0.02    0.00  524286/4194288     WL_FID____DDA_FRAME_SEQ_K430 [26]
                0.00    0.00   16368/802800      WL_FID_IMAGE_FREE [29]
                0.00    0.00       3/3           WL_FID____DDA_GRID_BUILD_K834 [38]
                0.00    0.00    6105/6105        WL_FID____DDA_GRID_PAINT [39]
                0.00    0.00     258/750         WL_FID_CLO_APPLY [40]
                0.00    0.00       3/3           WL_FID____ATELIER_GENERATE_K536 [43]
                0.00    0.00    6102/6102        WL_FID____ATELIER_CUBOIDS_K359 [46]
                0.00    0.00    6003/6003        WL_FID____ATELIER_TRANSLATE_K354 [47]
                0.00    0.00       3/3           WL_FID____ATELIER_GENERATE [51]
                0.00    0.00       3/3           WL_FID____ATELIER_GENERATE_K535 [54]
                0.00    0.00     234/234         WL_FID_STRING_CMP [56]
                0.00    0.00     171/65973       WL_FID_EXIT [36]
                0.00    0.00      48/186         WL_FID_IO_BIND [41]
                0.00    0.00       3/3           WL_FID_IO_ARGS [59]
                0.00    0.00       3/3           WL_FID_MAIN_K1076 [61]
                0.00    0.00       3/3           WL_FID_MAIN_K1080 [62]
                0.00    0.00       3/3           WL_FID_MAIN_C1117 [60]
                0.00    0.00   16545/82149       WL_FID_ENTER [45]
                0.00    0.00       6/12          WL_FID_IO_NOW [58]
                0.00    0.00     234/234         WL_FID_STRING_ORDER_K846 [63]
                0.00    0.00     138/138         WL_FID____MAIN_OPTIONS_FLAG [64]
                0.00    0.00     120/120         WL_FID____MAIN_OPTIONS_HAS [65]
                0.00    0.00       6/48          WL_FID_FRAMES_C406 [48]
                0.00    0.00       6/48          WL_FID_FRAME_DRAWN_C407 [49]
                0.00    0.00       6/48          WL_FID_SCENE_DRAW [57]
                0.00    0.00     300/300         WL_FID_STRING_CMP_K688 [66]
                0.00    0.00       3/3           WL_FID____ATELIER_GENERATE_K537 [67]
                0.00    0.00      18/18          WL_FID_STRING_APPEND [70]
                0.00    0.00       3/3           WL_FID_SCENE_BUILD [71]
                0.00    0.00     126/126         WL_FID_STRING_APPEND_K758 [72]
                0.00    0.00       9/9           WL_FID_U32_READ [74]
                0.00    0.00       9/9           WL_FID_U32_READ_GO [76]
                0.00    0.00      48/48          WL_FID_FRAME_DRAWN_C408 [77]
                0.00    0.00       3/3           WL_FID_SCENE_BUILD_K772 [80]
                0.00    0.00       3/3           WL_FID_MAIN_C1177 [79]
                0.00    0.00       9/9           WL_FID_NAT_SHOW_FIN [82]
                0.00    0.00      21/21          WL_FID____MAIN_OPTIONS_ARGS_K958 [83]
                0.00    0.00       3/3           WL_FID_MAIN_K1075 [84]
                0.00    0.00    6102/6102        WL_FID____DDA_GRID_PAINT_K669 [89]
                0.00    0.00     234/234         WL_FID_STRING_EQ [91]
                0.00    0.00     234/234         WL_FID_STRING_ORDER [93]
                0.00    0.00     234/234         WL_FID_STRING_EQ_K947 [92]
                0.00    0.00     117/117         WL_FID____MAIN_OPTIONS_FLAG_K952 [96]
                0.00    0.00     105/105         WL_FID____MAIN_OPTIONS_HAS_K955 [98]
                0.00    0.00     105/105         WL_FID____MAIN_OPTIONS_HAS_K956 [99]
                0.00    0.00      84/186         WL_FID_IO_BIND_C1070 [94]
                0.00    0.00      48/48          WL_FID_IMAGE_DROP [109]
                0.00    0.00      36/186         WL_FID_IO_BIND_K1071 [95]
                0.00    0.00      27/27          WL_FID_U32_POW_K671 [114]
                0.00    0.00      18/18          WL_FID____ATELIER_ASSEMBLIES_K539 [116]
                0.00    0.00      18/18          WL_FID____ATELIER_CUBOIDS [117]
                0.00    0.00      12/12          WL_FID____MAIN_OPTIONS_NUMBER [121]
                0.00    0.00      12/114         WL_FID_IO_PURE [97]
                0.00    0.00       9/9           WL_FID____ATELIER_TRANSLATE [125]
                0.00    0.00       9/9           WL_FID____MAIN_OPTIONS_NUMBER_K945 [126]
                0.00    0.00       9/9           WL_FID_NAT_SHOW [124]
                0.00    0.00       6/6           WL_FID_REQUIRE_C509 [130]
                0.00    0.00       6/6           WL_FID____MAIN_OPTIONS_DEPTH [131]
                0.00    0.00       6/6           WL_FID____MAIN_OPTIONS_DEPTH_K854 [132]
                0.00    0.00       6/54          WL_FID_FRAMES [103]
                0.00    0.00       6/48          WL_FID____DDA_FRAME_FORK [112]
                0.00    0.00       6/48          WL_FID_SCENE_DRAW_K760 [110]
                0.00    0.00       6/48          WL_FID_FRAMES_K405 [105]
                0.00    0.00       6/48          WL_FID_WINDOW_FRAME [111]
                0.00    0.00       6/6           WL_FID_IO_PRINT [129]
                0.00    0.00       3/3           WL_FID_MAIN [140]
                0.00    0.00       3/3           WL_FID_MAIN_C1073 [141]
                0.00    0.00       3/3           WL_FID_MAIN_C1074 [142]
                0.00    0.00       3/3           WL_FID____MAIN_OPTIONS_ARGS [206]
                0.00    0.00       3/3           WL_FID_MAIN_K1077 [166]
                0.00    0.00       3/3           WL_FID_MAIN_K1078 [167]
                0.00    0.00       3/3           WL_FID_MAIN_K1079 [168]
                0.00    0.00       3/3           WL_FID_MAIN_K1081 [169]
                0.00    0.00       3/3           WL_FID_MAIN_K1082 [170]
                0.00    0.00       3/3           WL_FID_MAIN_C1083 [143]
                0.00    0.00       3/3           WL_FID_MAIN_C1084 [144]
                0.00    0.00       3/3           WL_FID_MAIN_K1085 [171]
                0.00    0.00       3/3           WL_FID_MAIN_K1086 [172]
                0.00    0.00       3/3           WL_FID_MAIN_C1087 [145]
                0.00    0.00       3/3           WL_FID_MAIN_C1088 [146]
                0.00    0.00       3/3           WL_FID_MAIN_K1089 [173]
                0.00    0.00       3/3           WL_FID_MAIN_K1090 [174]
                0.00    0.00       3/3           WL_FID_MAIN_K1091 [175]
                0.00    0.00       3/3           WL_FID_MAIN_K1092 [176]
                0.00    0.00       3/3           WL_FID_MAIN_K1093 [177]
                0.00    0.00       3/3           WL_FID_MAIN_K1094 [178]
                0.00    0.00       3/3           WL_FID_MAIN_K1095 [179]
                0.00    0.00       3/3           WL_FID_MAIN_K1096 [180]
                0.00    0.00       3/3           WL_FID_BODY [135]
                0.00    0.00       3/3           WL_FID____ATELIER_BODY [201]
                0.00    0.00       3/3           WL_FID____ATELIER_BODY_K692 [202]
                0.00    0.00       3/3           WL_FID____ATELIER_ASSEMBLIES [200]
                0.00    0.00       3/3           WL_FID____ATELIER_BODY_K693 [203]
                0.00    0.00       3/3           WL_FID_MAIN_K1097 [181]
                0.00    0.00       3/3           WL_FID_MAIN_C1116 [147]
                0.00    0.00       3/3           WL_FID____DDA_GRID_BUILD [204]
                0.00    0.00       3/3           WL_FID_U32_POW [197]
                0.00    0.00       3/3           WL_FID____DDA_GRID_BUILD_K835 [205]
                0.00    0.00       3/3           WL_FID_MAIN_K1118 [182]
                0.00    0.00       3/3           WL_FID_MAIN_C1119 [148]
                0.00    0.00       3/3           WL_FID_MAIN_C1120 [149]
                0.00    0.00       3/3           WL_FID_MAIN_C1121 [150]
                0.00    0.00       3/3           WL_FID_MAIN_C1122 [151]
                0.00    0.00       3/3           WL_FID_MAIN_C1123 [152]
                0.00    0.00       3/3           WL_FID_MAIN_K1124 [183]
                0.00    0.00       3/3           WL_FID_MAIN_K1125 [184]
                0.00    0.00       3/3           WL_FID_MAIN_K1126 [185]
                0.00    0.00       3/3           WL_FID_MAIN_K1127 [186]
                0.00    0.00       3/3           WL_FID_MAIN_C1128 [153]
                0.00    0.00       3/3           WL_FID_MAIN_C1129 [154]
                0.00    0.00       3/3           WL_FID_MAIN_K1130 [187]
                0.00    0.00       3/3           WL_FID_MAIN_K1131 [188]
                0.00    0.00       3/3           WL_FID_MAIN_K1132 [189]
                0.00    0.00       3/3           WL_FID_MAIN_C1166 [155]
                0.00    0.00       3/3           WL_FID_IO_TRY_C550 [138]
                0.00    0.00       3/3           WL_FID_WINDOW_OPEN [199]
                0.00    0.00       3/3           WL_FID_IO_TRY_C551 [139]
                0.00    0.00       3/3           WL_FID_IO_PASS_C463 [137]
                0.00    0.00       3/3           WL_FID_MAIN_C1167 [156]
                0.00    0.00       3/3           WL_FID_MAIN_K1168 [190]
                0.00    0.00       3/3           WL_FID_MAIN_C1169 [157]
                0.00    0.00       3/3           WL_FID_MAIN_C1172 [160]
                0.00    0.00       3/3           WL_FID_MAIN_K1173 [191]
                0.00    0.00       3/3           WL_FID_MAIN_C1174 [161]
                0.00    0.00       3/3           WL_FID_MAIN_C1178 [164]
                0.00    0.00       3/3           WL_FID_WINDOW_CLOSE [198]
                0.00    0.00       3/3           WL_FID_MAIN_C1179 [165]
                0.00    0.00       3/3           WL_FID_MAIN_K1180 [192]
                0.00    0.00       3/3           WL_FID_MAIN_K1181 [193]
                0.00    0.00       3/3           WL_FID_MAIN_K1182 [194]
                0.00    0.00       3/3           WL_FID_MAIN_K1183 [195]
                0.00    0.00       3/3           WL_FID_MAIN_K1184 [196]
                0.00    0.00       3/3           WL_FID_IO_EMIT [136]
-----------------------------------------------
                0.01    6.25  860160/860160      pool_work [1]
[9]     14.0    0.01    6.25  860160         monk_step [9]
                0.00    6.25   16320/16545       work_loop [8]
-----------------------------------------------
                0.12    0.55 3961140/3961140     work_loop [8]
[10]     1.5    0.12    0.55 3961140         WL_FID____DDA_TREE_PAINT [10]
                0.11    0.31 7910076/7910076     spin_161 [12]
                0.03    0.07 1739304/3483390     span_fade [23]
                0.04    0.00  991344/14306851     term_drop [11]
                0.00    0.00    6099/3879717     rfc_wrap [34]
-----------------------------------------------
                0.00    0.00       3/14306851     io_step [16]
                0.00    0.00       3/14306851     WL_FID_MAIN_C1177 [79]
                0.00    0.00       3/14306851     spin_235 [81]
                0.00    0.00       4/14306851     WL_FID_FRAME_DRAWN_C408 [77]
                0.00    0.00       6/14306851     WL_FID____MAIN_OPTIONS_FLAG [64]
                0.00    0.00     234/14306851     WL_FID_STRING_ORDER_K846 [63]
                0.00    0.00  120108/14306851     spin_218 [32]
                0.03    0.00  786432/14306851     WL_FID_IMAGE_FREE [29]
                0.04    0.00  991344/14306851     WL_FID____DDA_TREE_PAINT [10]
                0.04    0.00 1015248/14306851     WL_FID____DDA_TREE_PAINT_K516 [22]
                0.13    0.00 3483390/14306851     span_fade [23]
                0.30    0.00 7910076/14306851     spin_161 [12]
[11]     1.2    0.55    0.00 14306851         term_drop [11]
                0.00    0.00     762/846         heap_hand [37]
-----------------------------------------------
                0.11    0.31 7910076/7910076     WL_FID____DDA_TREE_PAINT [10]
[12]     0.9    0.11    0.31 7910076         spin_161 [12]
                0.30    0.00 7910076/14306851     term_drop [11]
-----------------------------------------------
                0.05    0.00  524286/4194288     work_loop [8]
                0.33    0.00 3670002/4194288     pool_work [1]
[13]     0.9    0.38    0.00 4194288         WL_FID____DDA_FRAME_SEQ_K429 [13]
-----------------------------------------------
                0.00    0.36       3/3           main [15]
[14]     0.8    0.00    0.36       3         io_loop [14]
                0.00    0.35       3/3           io_step [16]
                0.00    0.00       3/81          corpus_eval [28]
                0.00    0.00       3/2886        heap_alloc_miss [33]
                0.00    0.00       3/6           pool_stack [134]
                0.00    0.00       3/3           io_spawn [208]
-----------------------------------------------
                                                 <spontaneous>
[15]     0.8    0.00    0.36                 main [15]
                0.00    0.36       3/3           io_loop [14]
                0.00    0.00       3/51          io_sync [104]
-----------------------------------------------
                0.00    0.35       3/3           io_loop [14]
[16]     0.8    0.00    0.35       3         io_step [16]
                0.00    0.27      75/75          io_exec [17]
                0.00    0.08      78/81          corpus_eval [28]
                0.00    0.00       3/2886        heap_alloc_miss [33]
                0.00    0.00       3/14306851     term_drop [11]
-----------------------------------------------
                0.00    0.27      75/75          io_step [16]
[17]     0.6    0.00    0.27      75         io_exec [17]
                0.00    0.27      48/48          window_frame_run [19]
                0.00    0.00       3/3           io_args_run [68]
                0.00    0.00      12/12          io_now_run [122]
                0.00    0.00       6/6           io_print_run [133]
                0.00    0.00       3/3           window_open_run [211]
                0.00    0.00       3/3           window_close_run [210]
-----------------------------------------------
                0.00    0.27      48/48          window_frame_run [19]
[18]     0.6    0.00    0.27      48         window_frame [18]
                0.27    0.00      48/48          window_sq [20]
                0.00    0.00    1128/3879717     rfc_wrap [34]
                0.00    0.00      48/51          io_sync [104]
                0.00    0.00       6/24          io_mem [115]
-----------------------------------------------
                0.00    0.27      48/48          io_exec [17]
[19]     0.6    0.00    0.27      48         window_frame_run [19]
                0.00    0.27      48/48          window_frame [18]
-----------------------------------------------
                             12582864             window_sq [20]
                0.27    0.00      48/48          window_frame [18]
[20]     0.6    0.27    0.00      48+12582864 window_sq [20]
                             12582864             window_sq [20]
-----------------------------------------------
                0.03    0.00  524286/4194288     work_loop [8]
                0.21    0.00 3670002/4194288     pool_work [1]
[21]     0.5    0.24    0.00 4194288         WL_FID____DDA_FRAME_SEQ_K428 [21]
-----------------------------------------------
                0.09    0.13 3955038/3955038     work_loop [8]
[22]     0.5    0.09    0.13 3955038         WL_FID____DDA_TREE_PAINT_K516 [22]
                0.03    0.07 1731174/3483390     span_fade [23]
                0.04    0.00 1015248/14306851     term_drop [11]
-----------------------------------------------
                0.00    0.00       3/3483390     WL_FID_U32_READ_GO [76]
                0.00    0.00       6/3483390     WL_FID_U32_READ [74]
                0.00    0.00       9/3483390     WL_FID_STRING_APPEND [70]
                0.00    0.00       9/3483390     WL_FID_SCENE_BUILD [71]
                0.00    0.00     105/3483390     WL_FID____MAIN_OPTIONS_HAS [65]
                0.00    0.00     108/3483390     WL_FID____MAIN_OPTIONS_FLAG [64]
                0.00    0.00     468/3483390     WL_FID_STRING_CMP [56]
                0.00    0.00    6102/3483390     WL_FID____DDA_GRID_PAINT [39]
                0.00    0.00    6102/3483390     WL_FID____DDA_GRID_BUILD_K834 [38]
                0.03    0.07 1731174/3483390     WL_FID____DDA_TREE_PAINT_K516 [22]
                0.03    0.07 1739304/3483390     WL_FID____DDA_TREE_PAINT [10]
[23]     0.4    0.06    0.14 3483390         span_fade [23]
                0.13    0.00 3483390/14306851     term_drop [11]
-----------------------------------------------
                0.02    0.00  524286/4194288     work_loop [8]
                0.13    0.00 3670002/4194288     pool_work [1]
[24]     0.3    0.15    0.01 4194288         WL_FID____DDA_FRAME_SEQ_K431 [24]
                0.01    0.00     774/2886        heap_alloc_miss [33]
-----------------------------------------------
                0.02    0.00 1572864/12582912     work_loop [8]
                0.13    0.00 11010048/12582912     pool_work [1]
[25]     0.3    0.15    0.00 12582912         WL_FID____RENDER_PIXEL_PRESENT [25]
-----------------------------------------------
                0.02    0.00  524286/4194288     work_loop [8]
                0.12    0.00 3670002/4194288     pool_work [1]
[26]     0.3    0.14    0.00 4194288         WL_FID____DDA_FRAME_SEQ_K430 [26]
-----------------------------------------------
                0.09    0.00 37748736/37748736     spin_181 [3]
[27]     0.2    0.09    0.00 37748736         spin_182 [27]
-----------------------------------------------
                0.00    0.00       3/81          io_loop [14]
                0.00    0.08      78/81          io_step [16]
[28]     0.2    0.00    0.09      81         corpus_eval [28]
                0.00    0.09     225/16545       work_loop [8]
                0.00    0.00      96/96          pool_turn [100]
                0.00    0.00      48/48          pool_open [113]
-----------------------------------------------
                0.00    0.00   16368/802800      work_loop [8]
                0.01    0.03  786432/802800      pool_work [1]
[29]     0.1    0.01    0.03  802800         WL_FID_IMAGE_FREE [29]
                0.03    0.00  786432/14306851     term_drop [11]
                0.00    0.00      36/846         heap_hand [37]
                0.00    0.00       6/2886        heap_alloc_miss [33]
-----------------------------------------------
                                                 <spontaneous>
[30]     0.1    0.03    0.00                 _init [30]
-----------------------------------------------
                0.00    0.03 3955038/3955038     work_loop [8]
[31]     0.1    0.00    0.03 3955038         WL_FID____DDA_TREE_PAINT_K517 [31]
                0.00    0.03 3955038/3955038     spin_218 [32]
-----------------------------------------------
                0.00    0.03 3955038/3955038     WL_FID____DDA_TREE_PAINT_K517 [31]
[32]     0.1    0.00    0.03 3955038         spin_218 [32]
                0.01    0.00 3828828/3879717     rfc_wrap [34]
                0.01    0.00    1347/2886        heap_alloc_miss [33]
                0.00    0.00  120108/14306851     term_drop [11]
-----------------------------------------------
                0.00    0.00       3/2886        io_loop [14]
                0.00    0.00       3/2886        io_step [16]
                0.00    0.00       3/2886        spin_220 [52]
                0.00    0.00       3/2886        spin_221 [55]
                0.00    0.00       3/2886        WL_FID_SCENE_DRAW [57]
                0.00    0.00       3/2886        WL_FID____DDA_GRID_BUILD_K834 [38]
                0.00    0.00       3/2886        WL_FID_MAIN_K1076 [61]
                0.00    0.00       3/2886        WL_FID_MAIN_K1080 [62]
                0.00    0.00       3/2886        WL_FID_MAIN_C1117 [60]
                0.00    0.00       3/2886        WL_FID_IO_ARGS [59]
                0.00    0.00       3/2886        WL_FID_IO_NOW [58]
                0.00    0.00       6/2886        spin_222 [44]
                0.00    0.00       6/2886        WL_FID_IMAGE_FREE [29]
                0.00    0.00       6/2886        WL_FID_FRAMES_C406 [48]
                0.00    0.00       6/2886        WL_FID_FRAME_DRAWN_C407 [49]
                0.00    0.00       6/2886        WL_FID_FRAME_DRAWN_C413 [50]
                0.00    0.00      12/2886        WL_FID_FRAME_DRAWN_C410 [42]
                0.00    0.00      12/2886        WL_FID_IO_BIND [41]
                0.00    0.00     678/2886        rfc_wrap [34]
                0.01    0.00     774/2886        WL_FID____DDA_FRAME_SEQ_K431 [24]
                0.01    0.00    1347/2886        spin_218 [32]
[33]     0.0    0.02    0.00    2886         heap_alloc_miss [33]
-----------------------------------------------
                0.00    0.00       3/3879717     WL_FID_MAIN_K1075 [84]
                0.00    0.00      18/3879717     WL_FID____MAIN_OPTIONS_ARGS_K958 [83]
                0.00    0.00      21/3879717     WL_FID_NAT_SHOW_FIN [82]
                0.00    0.00      33/3879717     spin_223 [78]
                0.00    0.00      39/3879717     io_args_run [68]
                0.00    0.00      45/3879717     spin_224 [75]
                0.00    0.00      51/3879717     WL_FID____ATELIER_GENERATE_K537 [67]
                0.00    0.00     111/3879717     spin_225 [73]
                0.00    0.00     126/3879717     WL_FID_STRING_APPEND_K758 [72]
                0.00    0.00     132/3879717     io_str [69]
                0.00    0.00     219/3879717     WL_FID_STRING_CMP [56]
                0.00    0.00     567/3879717     WL_FID_STRING_CMP_K688 [66]
                0.00    0.00    1128/3879717     window_frame [18]
                0.00    0.00    3765/3879717     spin_221 [55]
                0.00    0.00    3849/3879717     spin_222 [44]
                0.00    0.00    4383/3879717     spin_220 [52]
                0.00    0.00    6099/3879717     WL_FID____DDA_TREE_PAINT [10]
                0.00    0.00    6102/3879717     WL_FID____DDA_GRID_BUILD_K834 [38]
                0.00    0.00   11997/3879717     WL_FID____ATELIER_TRANSLATE_K354 [47]
                0.00    0.00   12201/3879717     WL_FID____ATELIER_CUBOIDS_K359 [46]
                0.01    0.00 3828828/3879717     spin_218 [32]
[34]     0.0    0.01    0.00 3879717         rfc_wrap [34]
                0.00    0.00     678/2886        heap_alloc_miss [33]
-----------------------------------------------
                0.01    0.00  245760/245760      pool_work [1]
[35]     0.0    0.01    0.00  245760         WL_FID_IMAGE_FREE_K70 [35]
-----------------------------------------------
                0.00    0.00     171/65973       work_loop [8]
                0.01    0.00   65802/65973       pool_work [1]
[36]     0.0    0.01    0.00   65973         WL_FID_EXIT [36]
-----------------------------------------------
                0.00    0.00       6/846         WL_FID_FRAMES_C414 [53]
                0.00    0.00       9/846         WL_FID_ENTER [45]
                0.00    0.00      33/846         WL_FID_CLO_APPLY [40]
                0.00    0.00      36/846         WL_FID_IMAGE_FREE [29]
                0.00    0.00     762/846         term_drop [11]
[37]     0.0    0.00    0.00     846         heap_hand [37]
-----------------------------------------------
                0.00    0.00       3/3           work_loop [8]
[38]     0.0    0.00    0.00       3         WL_FID____DDA_GRID_BUILD_K834 [38]
                0.00    0.00    6102/3483390     span_fade [23]
                0.00    0.00    6102/3879717     rfc_wrap [34]
                0.00    0.00       3/2886        heap_alloc_miss [33]
-----------------------------------------------
                0.00    0.00    6105/6105        work_loop [8]
[39]     0.0    0.00    0.00    6105         WL_FID____DDA_GRID_PAINT [39]
                0.00    0.00    6102/3483390     span_fade [23]
-----------------------------------------------
                0.00    0.00     258/750         work_loop [8]
                0.00    0.00     492/750         pool_work [1]
[40]     0.0    0.00    0.00     750         WL_FID_CLO_APPLY [40]
                0.00    0.00      33/846         heap_hand [37]
-----------------------------------------------
                0.00    0.00      48/186         work_loop [8]
                0.00    0.00     138/186         pool_work [1]
[41]     0.0    0.00    0.00     186         WL_FID_IO_BIND [41]
                0.00    0.00      12/2886        heap_alloc_miss [33]
-----------------------------------------------
                0.00    0.00      48/48          pool_work [1]
[42]     0.0    0.00    0.00      48         WL_FID_FRAME_DRAWN_C410 [42]
                0.00    0.00      12/2886        heap_alloc_miss [33]
-----------------------------------------------
                0.00    0.00       3/3           work_loop [8]
[43]     0.0    0.00    0.00       3         WL_FID____ATELIER_GENERATE_K536 [43]
                0.00    0.00       3/3           spin_222 [44]
-----------------------------------------------
                0.00    0.00       3/3           WL_FID____ATELIER_GENERATE_K536 [43]
[44]     0.0    0.00    0.00       3         spin_222 [44]
                0.00    0.00       6/2886        heap_alloc_miss [33]
                0.00    0.00    3849/3879717     rfc_wrap [34]
-----------------------------------------------
                0.00    0.00   16545/82149       work_loop [8]
                0.00    0.00   65604/82149       pool_work [1]
[45]     0.0    0.00    0.00   82149         WL_FID_ENTER [45]
                0.00    0.00       9/846         heap_hand [37]
-----------------------------------------------
                0.00    0.00    6102/6102        work_loop [8]
[46]     0.0    0.00    0.00    6102         WL_FID____ATELIER_CUBOIDS_K359 [46]
                0.00    0.00   12201/3879717     rfc_wrap [34]
-----------------------------------------------
                0.00    0.00    6003/6003        work_loop [8]
[47]     0.0    0.00    0.00    6003         WL_FID____ATELIER_TRANSLATE_K354 [47]
                0.00    0.00   11997/3879717     rfc_wrap [34]
-----------------------------------------------
                0.00    0.00       6/48          work_loop [8]
                0.00    0.00      42/48          pool_work [1]
[48]     0.0    0.00    0.00      48         WL_FID_FRAMES_C406 [48]
                0.00    0.00       6/2886        heap_alloc_miss [33]
-----------------------------------------------
                0.00    0.00       6/48          work_loop [8]
                0.00    0.00      42/48          pool_work [1]
[49]     0.0    0.00    0.00      48         WL_FID_FRAME_DRAWN_C407 [49]
                0.00    0.00       6/2886        heap_alloc_miss [33]
-----------------------------------------------
                0.00    0.00      48/48          pool_work [1]
[50]     0.0    0.00    0.00      48         WL_FID_FRAME_DRAWN_C413 [50]
                0.00    0.00       6/2886        heap_alloc_miss [33]
-----------------------------------------------
                0.00    0.00       3/3           work_loop [8]
[51]     0.0    0.00    0.00       3         WL_FID____ATELIER_GENERATE [51]
                0.00    0.00       3/3           spin_220 [52]
-----------------------------------------------
                0.00    0.00       3/3           WL_FID____ATELIER_GENERATE [51]
[52]     0.0    0.00    0.00       3         spin_220 [52]
                0.00    0.00       3/2886        heap_alloc_miss [33]
                0.00    0.00    4383/3879717     rfc_wrap [34]
-----------------------------------------------
                0.00    0.00      48/48          pool_work [1]
[53]     0.0    0.00    0.00      48         WL_FID_FRAMES_C414 [53]
                0.00    0.00       6/846         heap_hand [37]
-----------------------------------------------
                0.00    0.00       3/3           work_loop [8]
[54]     0.0    0.00    0.00       3         WL_FID____ATELIER_GENERATE_K535 [54]
                0.00    0.00       3/3           spin_221 [55]
-----------------------------------------------
                0.00    0.00       3/3           WL_FID____ATELIER_GENERATE_K535 [54]
[55]     0.0    0.00    0.00       3         spin_221 [55]
                0.00    0.00       3/2886        heap_alloc_miss [33]
                0.00    0.00    3765/3879717     rfc_wrap [34]
-----------------------------------------------
                0.00    0.00     234/234         work_loop [8]
[56]     0.0    0.00    0.00     234         WL_FID_STRING_CMP [56]
                0.00    0.00     468/3483390     span_fade [23]
                0.00    0.00     219/3879717     rfc_wrap [34]
-----------------------------------------------
                0.00    0.00       6/48          work_loop [8]
                0.00    0.00      42/48          pool_work [1]
[57]     0.0    0.00    0.00      48         WL_FID_SCENE_DRAW [57]
                0.00    0.00       3/2886        heap_alloc_miss [33]
-----------------------------------------------
                0.00    0.00       6/12          work_loop [8]
                0.00    0.00       6/12          pool_work [1]
[58]     0.0    0.00    0.00      12         WL_FID_IO_NOW [58]
                0.00    0.00       3/2886        heap_alloc_miss [33]
-----------------------------------------------
                0.00    0.00       3/3           work_loop [8]
[59]     0.0    0.00    0.00       3         WL_FID_IO_ARGS [59]
                0.00    0.00       3/2886        heap_alloc_miss [33]
-----------------------------------------------
                0.00    0.00       3/3           work_loop [8]
[60]     0.0    0.00    0.00       3         WL_FID_MAIN_C1117 [60]
                0.00    0.00       3/2886        heap_alloc_miss [33]
-----------------------------------------------
                0.00    0.00       3/3           work_loop [8]
[61]     0.0    0.00    0.00       3         WL_FID_MAIN_K1076 [61]
                0.00    0.00       3/2886        heap_alloc_miss [33]
-----------------------------------------------
                0.00    0.00       3/3           work_loop [8]
[62]     0.0    0.00    0.00       3         WL_FID_MAIN_K1080 [62]
                0.00    0.00       3/2886        heap_alloc_miss [33]
-----------------------------------------------
                0.00    0.00     234/234         work_loop [8]
[63]     0.0    0.00    0.00     234         WL_FID_STRING_ORDER_K846 [63]
                0.00    0.00     234/14306851     term_drop [11]
-----------------------------------------------
                0.00    0.00     138/138         work_loop [8]
[64]     0.0    0.00    0.00     138         WL_FID____MAIN_OPTIONS_FLAG [64]
                0.00    0.00     108/3483390     span_fade [23]
                0.00    0.00       6/14306851     term_drop [11]
-----------------------------------------------
                0.00    0.00     120/120         work_loop [8]
[65]     0.0    0.00    0.00     120         WL_FID____MAIN_OPTIONS_HAS [65]
                0.00    0.00     105/3483390     span_fade [23]
-----------------------------------------------
                0.00    0.00     300/300         work_loop [8]
[66]     0.0    0.00    0.00     300         WL_FID_STRING_CMP_K688 [66]
                0.00    0.00     567/3879717     rfc_wrap [34]
-----------------------------------------------
                0.00    0.00       3/3           work_loop [8]
[67]     0.0    0.00    0.00       3         WL_FID____ATELIER_GENERATE_K537 [67]
                0.00    0.00       3/3           spin_225 [73]
                0.00    0.00      51/3879717     rfc_wrap [34]
                0.00    0.00       3/3           spin_224 [75]
                0.00    0.00       3/3           spin_223 [78]
-----------------------------------------------
                0.00    0.00       3/3           io_exec [17]
[68]     0.0    0.00    0.00       3         io_args_run [68]
                0.00    0.00      21/21          io_str [69]
                0.00    0.00      39/3879717     rfc_wrap [34]
-----------------------------------------------
                0.00    0.00      21/21          io_args_run [68]
[69]     0.0    0.00    0.00      21         io_str [69]
                0.00    0.00     132/3879717     rfc_wrap [34]
-----------------------------------------------
                0.00    0.00      18/18          work_loop [8]
[70]     0.0    0.00    0.00      18         WL_FID_STRING_APPEND [70]
                0.00    0.00       9/3483390     span_fade [23]
-----------------------------------------------
                0.00    0.00       3/3           work_loop [8]
[71]     0.0    0.00    0.00       3         WL_FID_SCENE_BUILD [71]
                0.00    0.00       9/3483390     span_fade [23]
                0.00    0.00       9/18          spare_free [118]
-----------------------------------------------
                0.00    0.00     126/126         work_loop [8]
[72]     0.0    0.00    0.00     126         WL_FID_STRING_APPEND_K758 [72]
                0.00    0.00     126/3879717     rfc_wrap [34]
-----------------------------------------------
                0.00    0.00       3/3           WL_FID____ATELIER_GENERATE_K537 [67]
[73]     0.0    0.00    0.00       3         spin_225 [73]
                0.00    0.00     111/3879717     rfc_wrap [34]
-----------------------------------------------
                0.00    0.00       9/9           work_loop [8]
[74]     0.0    0.00    0.00       9         WL_FID_U32_READ [74]
                0.00    0.00       6/3483390     span_fade [23]
-----------------------------------------------
                0.00    0.00       3/3           WL_FID____ATELIER_GENERATE_K537 [67]
[75]     0.0    0.00    0.00       3         spin_224 [75]
                0.00    0.00      45/3879717     rfc_wrap [34]
-----------------------------------------------
                0.00    0.00       9/9           work_loop [8]
[76]     0.0    0.00    0.00       9         WL_FID_U32_READ_GO [76]
                0.00    0.00       3/3483390     span_fade [23]
-----------------------------------------------
                0.00    0.00      48/48          work_loop [8]
[77]     0.0    0.00    0.00      48         WL_FID_FRAME_DRAWN_C408 [77]
                0.00    0.00       4/14306851     term_drop [11]
-----------------------------------------------
                0.00    0.00       3/3           WL_FID____ATELIER_GENERATE_K537 [67]
[78]     0.0    0.00    0.00       3         spin_223 [78]
                0.00    0.00      33/3879717     rfc_wrap [34]
-----------------------------------------------
                0.00    0.00       3/3           work_loop [8]
[79]     0.0    0.00    0.00       3         WL_FID_MAIN_C1177 [79]
                0.00    0.00       3/14306851     term_drop [11]
-----------------------------------------------
                0.00    0.00       3/3           work_loop [8]
[80]     0.0    0.00    0.00       3         WL_FID_SCENE_BUILD_K772 [80]
                0.00    0.00       3/3           spin_235 [81]
-----------------------------------------------
                0.00    0.00       3/3           WL_FID_SCENE_BUILD_K772 [80]
[81]     0.0    0.00    0.00       3         spin_235 [81]
                0.00    0.00       3/14306851     term_drop [11]
                0.00    0.00      90/90          spin_5 [101]
                0.00    0.00      15/15          spin_74 [119]
                0.00    0.00      15/15          spin_82 [120]
-----------------------------------------------
                0.00    0.00       9/9           work_loop [8]
[82]     0.0    0.00    0.00       9         WL_FID_NAT_SHOW_FIN [82]
                0.00    0.00      21/3879717     rfc_wrap [34]
-----------------------------------------------
                0.00    0.00      21/21          work_loop [8]
[83]     0.0    0.00    0.00      21         WL_FID____MAIN_OPTIONS_ARGS_K958 [83]
                0.00    0.00      18/3879717     rfc_wrap [34]
-----------------------------------------------
                0.00    0.00       3/3           work_loop [8]
[84]     0.0    0.00    0.00       3         WL_FID_MAIN_K1075 [84]
                0.00    0.00       3/3879717     rfc_wrap [34]
-----------------------------------------------
                0.00    0.00  262128/262128      pool_work [1]
[85]     0.0    0.00    0.00  262128         WL_FID_IMAGE_FREE_J69 [85]
-----------------------------------------------
                0.00    0.00  245760/245760      pool_work [1]
[86]     0.0    0.00    0.00  245760         WL_FID_IMAGE_FREE_K69 [86]
-----------------------------------------------
                0.00    0.00  245760/245760      pool_work [1]
[87]     0.0    0.00    0.00  245760         WL_FID_IMAGE_FREE_K71 [87]
-----------------------------------------------
                0.00    0.00  245760/245760      pool_work [1]
[88]     0.0    0.00    0.00  245760         WL_FID_IMAGE_FREE_K72 [88]
-----------------------------------------------
                0.00    0.00    6102/6102        work_loop [8]
[89]     0.0    0.00    0.00    6102         WL_FID____DDA_GRID_PAINT_K669 [89]
-----------------------------------------------
                0.00    0.00     900/900         spin_83 [102]
[90]     0.0    0.00    0.00     900         spin_85 [90]
-----------------------------------------------
                0.00    0.00     234/234         work_loop [8]
[91]     0.0    0.00    0.00     234         WL_FID_STRING_EQ [91]
-----------------------------------------------
                0.00    0.00     234/234         work_loop [8]
[92]     0.0    0.00    0.00     234         WL_FID_STRING_EQ_K947 [92]
-----------------------------------------------
                0.00    0.00     234/234         work_loop [8]
[93]     0.0    0.00    0.00     234         WL_FID_STRING_ORDER [93]
-----------------------------------------------
                0.00    0.00      84/186         work_loop [8]
                0.00    0.00     102/186         pool_work [1]
[94]     0.0    0.00    0.00     186         WL_FID_IO_BIND_C1070 [94]
-----------------------------------------------
                0.00    0.00      36/186         work_loop [8]
                0.00    0.00     150/186         pool_work [1]
[95]     0.0    0.00    0.00     186         WL_FID_IO_BIND_K1071 [95]
-----------------------------------------------
                0.00    0.00     117/117         work_loop [8]
[96]     0.0    0.00    0.00     117         WL_FID____MAIN_OPTIONS_FLAG_K952 [96]
-----------------------------------------------
                0.00    0.00      12/114         work_loop [8]
                0.00    0.00     102/114         pool_work [1]
[97]     0.0    0.00    0.00     114         WL_FID_IO_PURE [97]
-----------------------------------------------
                0.00    0.00     105/105         work_loop [8]
[98]     0.0    0.00    0.00     105         WL_FID____MAIN_OPTIONS_HAS_K955 [98]
-----------------------------------------------
                0.00    0.00     105/105         work_loop [8]
[99]     0.0    0.00    0.00     105         WL_FID____MAIN_OPTIONS_HAS_K956 [99]
-----------------------------------------------
                0.00    0.00      96/96          corpus_eval [28]
[100]    0.0    0.00    0.00      96         pool_turn [100]
-----------------------------------------------
                0.00    0.00      90/90          spin_235 [81]
[101]    0.0    0.00    0.00      90         spin_5 [101]
-----------------------------------------------
                0.00    0.00      90/90          spin_82 [120]
[102]    0.0    0.00    0.00      90         spin_83 [102]
                0.00    0.00     900/900         spin_85 [90]
-----------------------------------------------
                0.00    0.00       6/54          work_loop [8]
                0.00    0.00      48/54          pool_work [1]
[103]    0.0    0.00    0.00      54         WL_FID_FRAMES [103]
-----------------------------------------------
                0.00    0.00       3/51          main [15]
                0.00    0.00      48/51          window_frame [18]
[104]    0.0    0.00    0.00      51         io_sync [104]
-----------------------------------------------
                0.00    0.00       6/48          work_loop [8]
                0.00    0.00      42/48          pool_work [1]
[105]    0.0    0.00    0.00      48         WL_FID_FRAMES_K405 [105]
-----------------------------------------------
                0.00    0.00      48/48          pool_work [1]
[106]    0.0    0.00    0.00      48         WL_FID_FRAME_DRAWN_C411 [106]
-----------------------------------------------
                0.00    0.00      48/48          pool_work [1]
[107]    0.0    0.00    0.00      48         WL_FID_FRAME_DRAWN_C412 [107]
-----------------------------------------------
                0.00    0.00      48/48          pool_work [1]
[108]    0.0    0.00    0.00      48         WL_FID_FRAME_DRAWN_K409 [108]
-----------------------------------------------
                0.00    0.00      48/48          work_loop [8]
[109]    0.0    0.00    0.00      48         WL_FID_IMAGE_DROP [109]
-----------------------------------------------
                0.00    0.00       6/48          work_loop [8]
                0.00    0.00      42/48          pool_work [1]
[110]    0.0    0.00    0.00      48         WL_FID_SCENE_DRAW_K760 [110]
-----------------------------------------------
                0.00    0.00       6/48          work_loop [8]
                0.00    0.00      42/48          pool_work [1]
[111]    0.0    0.00    0.00      48         WL_FID_WINDOW_FRAME [111]
-----------------------------------------------
                0.00    0.00       6/48          work_loop [8]
                0.00    0.00      42/48          pool_work [1]
[112]    0.0    0.00    0.00      48         WL_FID____DDA_FRAME_FORK [112]
-----------------------------------------------
                0.00    0.00      48/48          corpus_eval [28]
[113]    0.0    0.00    0.00      48         pool_open [113]
-----------------------------------------------
                0.00    0.00      27/27          work_loop [8]
[114]    0.0    0.00    0.00      27         WL_FID_U32_POW_K671 [114]
-----------------------------------------------
                0.00    0.00       3/24          io_spawn [208]
                0.00    0.00       6/24          window_open_run [211]
                0.00    0.00       6/24          window_frame [18]
                0.00    0.00       9/24          io_cbuf [127]
[115]    0.0    0.00    0.00      24         io_mem [115]
-----------------------------------------------
                0.00    0.00      18/18          work_loop [8]
[116]    0.0    0.00    0.00      18         WL_FID____ATELIER_ASSEMBLIES_K539 [116]
-----------------------------------------------
                0.00    0.00      18/18          work_loop [8]
[117]    0.0    0.00    0.00      18         WL_FID____ATELIER_CUBOIDS [117]
-----------------------------------------------
                0.00    0.00       9/18          WL_FID_SCENE_BUILD [71]
                0.00    0.00       9/18          spin_248 [209]
[118]    0.0    0.00    0.00      18         spare_free [118]
-----------------------------------------------
                0.00    0.00      15/15          spin_235 [81]
[119]    0.0    0.00    0.00      15         spin_74 [119]
-----------------------------------------------
                0.00    0.00      15/15          spin_235 [81]
[120]    0.0    0.00    0.00      15         spin_82 [120]
                0.00    0.00      90/90          spin_83 [102]
-----------------------------------------------
                0.00    0.00      12/12          work_loop [8]
[121]    0.0    0.00    0.00      12         WL_FID____MAIN_OPTIONS_NUMBER [121]
-----------------------------------------------
                0.00    0.00      12/12          io_exec [17]
[122]    0.0    0.00    0.00      12         io_now_run [122]
-----------------------------------------------
                0.00    0.00      12/12          io_print_run [133]
[123]    0.0    0.00    0.00      12         io_out [123]
-----------------------------------------------
                0.00    0.00       9/9           work_loop [8]
[124]    0.0    0.00    0.00       9         WL_FID_NAT_SHOW [124]
-----------------------------------------------
                0.00    0.00       9/9           work_loop [8]
[125]    0.0    0.00    0.00       9         WL_FID____ATELIER_TRANSLATE [125]
-----------------------------------------------
                0.00    0.00       9/9           work_loop [8]
[126]    0.0    0.00    0.00       9         WL_FID____MAIN_OPTIONS_NUMBER_K945 [126]
-----------------------------------------------
                0.00    0.00       3/9           window_open_run [211]
                0.00    0.00       6/9           io_print_run [133]
[127]    0.0    0.00    0.00       9         io_cbuf [127]
                0.00    0.00       9/24          io_mem [115]
-----------------------------------------------
                0.00    0.00       6/6           pool_work [1]
[128]    0.0    0.00    0.00       6         WL_FID_FRAMES_C404 [128]
-----------------------------------------------
                0.00    0.00       6/6           work_loop [8]
[129]    0.0    0.00    0.00       6         WL_FID_IO_PRINT [129]
-----------------------------------------------
                0.00    0.00       6/6           work_loop [8]
[130]    0.0    0.00    0.00       6         WL_FID_REQUIRE_C509 [130]
-----------------------------------------------
                0.00    0.00       6/6           work_loop [8]
[131]    0.0    0.00    0.00       6         WL_FID____MAIN_OPTIONS_DEPTH [131]
-----------------------------------------------
                0.00    0.00       6/6           work_loop [8]
[132]    0.0    0.00    0.00       6         WL_FID____MAIN_OPTIONS_DEPTH_K854 [132]
-----------------------------------------------
                0.00    0.00       6/6           io_exec [17]
[133]    0.0    0.00    0.00       6         io_print_run [133]
                0.00    0.00      12/12          io_out [123]
                0.00    0.00       6/9           io_cbuf [127]
-----------------------------------------------
                0.00    0.00       3/6           io_loop [14]
                0.00    0.00       3/6           pool_work [1]
[134]    0.0    0.00    0.00       6         pool_stack [134]
-----------------------------------------------
                0.00    0.00       3/3           work_loop [8]
[135]    0.0    0.00    0.00       3         WL_FID_BODY [135]
-----------------------------------------------
                0.00    0.00       3/3           work_loop [8]
[136]    0.0    0.00    0.00       3         WL_FID_IO_EMIT [136]
-----------------------------------------------
                0.00    0.00       3/3           work_loop [8]
[137]    0.0    0.00    0.00       3         WL_FID_IO_PASS_C463 [137]
-----------------------------------------------
                0.00    0.00       3/3           work_loop [8]
[138]    0.0    0.00    0.00       3         WL_FID_IO_TRY_C550 [138]
-----------------------------------------------
                0.00    0.00       3/3           work_loop [8]
[139]    0.0    0.00    0.00       3         WL_FID_IO_TRY_C551 [139]
-----------------------------------------------
                0.00    0.00       3/3           work_loop [8]
[140]    0.0    0.00    0.00       3         WL_FID_MAIN [140]
-----------------------------------------------
                0.00    0.00       3/3           work_loop [8]
[141]    0.0    0.00    0.00       3         WL_FID_MAIN_C1073 [141]
-----------------------------------------------
                0.00    0.00       3/3           work_loop [8]
[142]    0.0    0.00    0.00       3         WL_FID_MAIN_C1074 [142]
-----------------------------------------------
                0.00    0.00       3/3           work_loop [8]
[143]    0.0    0.00    0.00       3         WL_FID_MAIN_C1083 [143]
-----------------------------------------------
                0.00    0.00       3/3           work_loop [8]
[144]    0.0    0.00    0.00       3         WL_FID_MAIN_C1084 [144]
-----------------------------------------------
                0.00    0.00       3/3           work_loop [8]
[145]    0.0    0.00    0.00       3         WL_FID_MAIN_C1087 [145]
-----------------------------------------------
                0.00    0.00       3/3           work_loop [8]
[146]    0.0    0.00    0.00       3         WL_FID_MAIN_C1088 [146]
-----------------------------------------------
                0.00    0.00       3/3           work_loop [8]
[147]    0.0    0.00    0.00       3         WL_FID_MAIN_C1116 [147]
-----------------------------------------------
                0.00    0.00       3/3           work_loop [8]
[148]    0.0    0.00    0.00       3         WL_FID_MAIN_C1119 [148]
-----------------------------------------------
                0.00    0.00       3/3           work_loop [8]
[149]    0.0    0.00    0.00       3         WL_FID_MAIN_C1120 [149]
-----------------------------------------------
                0.00    0.00       3/3           work_loop [8]
[150]    0.0    0.00    0.00       3         WL_FID_MAIN_C1121 [150]
-----------------------------------------------
                0.00    0.00       3/3           work_loop [8]
[151]    0.0    0.00    0.00       3         WL_FID_MAIN_C1122 [151]
-----------------------------------------------
                0.00    0.00       3/3           work_loop [8]
[152]    0.0    0.00    0.00       3         WL_FID_MAIN_C1123 [152]
-----------------------------------------------
                0.00    0.00       3/3           work_loop [8]
[153]    0.0    0.00    0.00       3         WL_FID_MAIN_C1128 [153]
-----------------------------------------------
                0.00    0.00       3/3           work_loop [8]
[154]    0.0    0.00    0.00       3         WL_FID_MAIN_C1129 [154]
-----------------------------------------------
                0.00    0.00       3/3           work_loop [8]
[155]    0.0    0.00    0.00       3         WL_FID_MAIN_C1166 [155]
-----------------------------------------------
                0.00    0.00       3/3           work_loop [8]
[156]    0.0    0.00    0.00       3         WL_FID_MAIN_C1167 [156]
-----------------------------------------------
                0.00    0.00       3/3           work_loop [8]
[157]    0.0    0.00    0.00       3         WL_FID_MAIN_C1169 [157]
-----------------------------------------------
                0.00    0.00       3/3           pool_work [1]
[158]    0.0    0.00    0.00       3         WL_FID_MAIN_C1170 [158]
-----------------------------------------------
                0.00    0.00       3/3           pool_work [1]
[159]    0.0    0.00    0.00       3         WL_FID_MAIN_C1171 [159]
-----------------------------------------------
                0.00    0.00       3/3           work_loop [8]
[160]    0.0    0.00    0.00       3         WL_FID_MAIN_C1172 [160]
-----------------------------------------------
                0.00    0.00       3/3           work_loop [8]
[161]    0.0    0.00    0.00       3         WL_FID_MAIN_C1174 [161]
-----------------------------------------------
                0.00    0.00       3/3           pool_work [1]
[162]    0.0    0.00    0.00       3         WL_FID_MAIN_C1175 [162]
-----------------------------------------------
                0.00    0.00       3/3           pool_work [1]
[163]    0.0    0.00    0.00       3         WL_FID_MAIN_C1176 [163]
-----------------------------------------------
                0.00    0.00       3/3           work_loop [8]
[164]    0.0    0.00    0.00       3         WL_FID_MAIN_C1178 [164]
-----------------------------------------------
                0.00    0.00       3/3           work_loop [8]
[165]    0.0    0.00    0.00       3         WL_FID_MAIN_C1179 [165]
-----------------------------------------------
                0.00    0.00       3/3           work_loop [8]
[166]    0.0    0.00    0.00       3         WL_FID_MAIN_K1077 [166]
-----------------------------------------------
                0.00    0.00       3/3           work_loop [8]
[167]    0.0    0.00    0.00       3         WL_FID_MAIN_K1078 [167]
-----------------------------------------------
                0.00    0.00       3/3           work_loop [8]
[168]    0.0    0.00    0.00       3         WL_FID_MAIN_K1079 [168]
-----------------------------------------------
                0.00    0.00       3/3           work_loop [8]
[169]    0.0    0.00    0.00       3         WL_FID_MAIN_K1081 [169]
-----------------------------------------------
                0.00    0.00       3/3           work_loop [8]
[170]    0.0    0.00    0.00       3         WL_FID_MAIN_K1082 [170]
-----------------------------------------------
                0.00    0.00       3/3           work_loop [8]
[171]    0.0    0.00    0.00       3         WL_FID_MAIN_K1085 [171]
-----------------------------------------------
                0.00    0.00       3/3           work_loop [8]
[172]    0.0    0.00    0.00       3         WL_FID_MAIN_K1086 [172]
-----------------------------------------------
                0.00    0.00       3/3           work_loop [8]
[173]    0.0    0.00    0.00       3         WL_FID_MAIN_K1089 [173]
-----------------------------------------------
                0.00    0.00       3/3           work_loop [8]
[174]    0.0    0.00    0.00       3         WL_FID_MAIN_K1090 [174]
-----------------------------------------------
                0.00    0.00       3/3           work_loop [8]
[175]    0.0    0.00    0.00       3         WL_FID_MAIN_K1091 [175]
-----------------------------------------------
                0.00    0.00       3/3           work_loop [8]
[176]    0.0    0.00    0.00       3         WL_FID_MAIN_K1092 [176]
-----------------------------------------------
                0.00    0.00       3/3           work_loop [8]
[177]    0.0    0.00    0.00       3         WL_FID_MAIN_K1093 [177]
-----------------------------------------------
                0.00    0.00       3/3           work_loop [8]
[178]    0.0    0.00    0.00       3         WL_FID_MAIN_K1094 [178]
-----------------------------------------------
                0.00    0.00       3/3           work_loop [8]
[179]    0.0    0.00    0.00       3         WL_FID_MAIN_K1095 [179]
-----------------------------------------------
                0.00    0.00       3/3           work_loop [8]
[180]    0.0    0.00    0.00       3         WL_FID_MAIN_K1096 [180]
-----------------------------------------------
                0.00    0.00       3/3           work_loop [8]
[181]    0.0    0.00    0.00       3         WL_FID_MAIN_K1097 [181]
                0.00    0.00       3/3           spin_248 [209]
-----------------------------------------------
                0.00    0.00       3/3           work_loop [8]
[182]    0.0    0.00    0.00       3         WL_FID_MAIN_K1118 [182]
-----------------------------------------------
                0.00    0.00       3/3           work_loop [8]
[183]    0.0    0.00    0.00       3         WL_FID_MAIN_K1124 [183]
-----------------------------------------------
                0.00    0.00       3/3           work_loop [8]
[184]    0.0    0.00    0.00       3         WL_FID_MAIN_K1125 [184]
-----------------------------------------------
                0.00    0.00       3/3           work_loop [8]
[185]    0.0    0.00    0.00       3         WL_FID_MAIN_K1126 [185]
-----------------------------------------------
                0.00    0.00       3/3           work_loop [8]
[186]    0.0    0.00    0.00       3         WL_FID_MAIN_K1127 [186]
-----------------------------------------------
                0.00    0.00       3/3           work_loop [8]
[187]    0.0    0.00    0.00       3         WL_FID_MAIN_K1130 [187]
-----------------------------------------------
                0.00    0.00       3/3           work_loop [8]
[188]    0.0    0.00    0.00       3         WL_FID_MAIN_K1131 [188]
-----------------------------------------------
                0.00    0.00       3/3           work_loop [8]
[189]    0.0    0.00    0.00       3         WL_FID_MAIN_K1132 [189]
-----------------------------------------------
                0.00    0.00       3/3           work_loop [8]
[190]    0.0    0.00    0.00       3         WL_FID_MAIN_K1168 [190]
-----------------------------------------------
                0.00    0.00       3/3           work_loop [8]
[191]    0.0    0.00    0.00       3         WL_FID_MAIN_K1173 [191]
-----------------------------------------------
                0.00    0.00       3/3           work_loop [8]
[192]    0.0    0.00    0.00       3         WL_FID_MAIN_K1180 [192]
-----------------------------------------------
                0.00    0.00       3/3           work_loop [8]
[193]    0.0    0.00    0.00       3         WL_FID_MAIN_K1181 [193]
-----------------------------------------------
                0.00    0.00       3/3           work_loop [8]
[194]    0.0    0.00    0.00       3         WL_FID_MAIN_K1182 [194]
-----------------------------------------------
                0.00    0.00       3/3           work_loop [8]
[195]    0.0    0.00    0.00       3         WL_FID_MAIN_K1183 [195]
-----------------------------------------------
                0.00    0.00       3/3           work_loop [8]
[196]    0.0    0.00    0.00       3         WL_FID_MAIN_K1184 [196]
-----------------------------------------------
                0.00    0.00       3/3           work_loop [8]
[197]    0.0    0.00    0.00       3         WL_FID_U32_POW [197]
-----------------------------------------------
                0.00    0.00       3/3           work_loop [8]
[198]    0.0    0.00    0.00       3         WL_FID_WINDOW_CLOSE [198]
-----------------------------------------------
                0.00    0.00       3/3           work_loop [8]
[199]    0.0    0.00    0.00       3         WL_FID_WINDOW_OPEN [199]
-----------------------------------------------
                0.00    0.00       3/3           work_loop [8]
[200]    0.0    0.00    0.00       3         WL_FID____ATELIER_ASSEMBLIES [200]
-----------------------------------------------
                0.00    0.00       3/3           work_loop [8]
[201]    0.0    0.00    0.00       3         WL_FID____ATELIER_BODY [201]
-----------------------------------------------
                0.00    0.00       3/3           work_loop [8]
[202]    0.0    0.00    0.00       3         WL_FID____ATELIER_BODY_K692 [202]
-----------------------------------------------
                0.00    0.00       3/3           work_loop [8]
[203]    0.0    0.00    0.00       3         WL_FID____ATELIER_BODY_K693 [203]
-----------------------------------------------
                0.00    0.00       3/3           work_loop [8]
[204]    0.0    0.00    0.00       3         WL_FID____DDA_GRID_BUILD [204]
-----------------------------------------------
                0.00    0.00       3/3           work_loop [8]
[205]    0.0    0.00    0.00       3         WL_FID____DDA_GRID_BUILD_K835 [205]
-----------------------------------------------
                0.00    0.00       3/3           work_loop [8]
[206]    0.0    0.00    0.00       3         WL_FID____MAIN_OPTIONS_ARGS [206]
-----------------------------------------------
                0.00    0.00       3/3           spin_248 [209]
[207]    0.0    0.00    0.00       3         ctr_take [207]
-----------------------------------------------
                0.00    0.00       3/3           io_loop [14]
[208]    0.0    0.00    0.00       3         io_spawn [208]
                0.00    0.00       3/24          io_mem [115]
-----------------------------------------------
                0.00    0.00       3/3           WL_FID_MAIN_K1097 [181]
[209]    0.0    0.00    0.00       3         spin_248 [209]
                0.00    0.00       9/18          spare_free [118]
                0.00    0.00       3/3           ctr_take [207]
-----------------------------------------------
                0.00    0.00       3/3           io_exec [17]
[210]    0.0    0.00    0.00       3         window_close_run [210]
-----------------------------------------------
                0.00    0.00       3/3           io_exec [17]
[211]    0.0    0.00    0.00       3         window_open_run [211]
                0.00    0.00       6/24          io_mem [115]
                0.00    0.00       3/9           io_cbuf [127]
-----------------------------------------------

Index by function name

 [135] WL_FID_BODY (accepted.c) [171] WL_FID_MAIN_K1085 (accepted.c) [39] WL_FID____DDA_GRID_PAINT (accepted.c)
  [40] WL_FID_CLO_APPLY (accepted.c) [172] WL_FID_MAIN_K1086 (accepted.c) [89] WL_FID____DDA_GRID_PAINT_K669 (accepted.c)
  [45] WL_FID_ENTER (accepted.c) [173] WL_FID_MAIN_K1089 (accepted.c) [10] WL_FID____DDA_TREE_PAINT (accepted.c)
  [36] WL_FID_EXIT (accepted.c) [174] WL_FID_MAIN_K1090 (accepted.c) [22] WL_FID____DDA_TREE_PAINT_K516 (accepted.c)
 [103] WL_FID_FRAMES (accepted.c) [175] WL_FID_MAIN_K1091 (accepted.c) [31] WL_FID____DDA_TREE_PAINT_K517 (accepted.c)
 [128] WL_FID_FRAMES_C404 (accepted.c) [176] WL_FID_MAIN_K1092 (accepted.c) [206] WL_FID____MAIN_OPTIONS_ARGS (accepted.c)
  [48] WL_FID_FRAMES_C406 (accepted.c) [177] WL_FID_MAIN_K1093 (accepted.c) [83] WL_FID____MAIN_OPTIONS_ARGS_K958 (accepted.c)
  [53] WL_FID_FRAMES_C414 (accepted.c) [178] WL_FID_MAIN_K1094 (accepted.c) [131] WL_FID____MAIN_OPTIONS_DEPTH (accepted.c)
 [105] WL_FID_FRAMES_K405 (accepted.c) [179] WL_FID_MAIN_K1095 (accepted.c) [132] WL_FID____MAIN_OPTIONS_DEPTH_K854 (accepted.c)
  [49] WL_FID_FRAME_DRAWN_C407 (accepted.c) [180] WL_FID_MAIN_K1096 (accepted.c) [64] WL_FID____MAIN_OPTIONS_FLAG (accepted.c)
  [77] WL_FID_FRAME_DRAWN_C408 (accepted.c) [181] WL_FID_MAIN_K1097 (accepted.c) [96] WL_FID____MAIN_OPTIONS_FLAG_K952 (accepted.c)
  [42] WL_FID_FRAME_DRAWN_C410 (accepted.c) [182] WL_FID_MAIN_K1118 (accepted.c) [65] WL_FID____MAIN_OPTIONS_HAS (accepted.c)
 [106] WL_FID_FRAME_DRAWN_C411 (accepted.c) [183] WL_FID_MAIN_K1124 (accepted.c) [98] WL_FID____MAIN_OPTIONS_HAS_K955 (accepted.c)
 [107] WL_FID_FRAME_DRAWN_C412 (accepted.c) [184] WL_FID_MAIN_K1125 (accepted.c) [99] WL_FID____MAIN_OPTIONS_HAS_K956 (accepted.c)
  [50] WL_FID_FRAME_DRAWN_C413 (accepted.c) [185] WL_FID_MAIN_K1126 (accepted.c) [121] WL_FID____MAIN_OPTIONS_NUMBER (accepted.c)
 [108] WL_FID_FRAME_DRAWN_K409 (accepted.c) [186] WL_FID_MAIN_K1127 (accepted.c) [126] WL_FID____MAIN_OPTIONS_NUMBER_K945 (accepted.c)
 [109] WL_FID_IMAGE_DROP (accepted.c) [187] WL_FID_MAIN_K1130 (accepted.c) [25] WL_FID____RENDER_PIXEL_PRESENT (accepted.c)
  [29] WL_FID_IMAGE_FREE (accepted.c) [188] WL_FID_MAIN_K1131 (accepted.c) [30] _init
  [85] WL_FID_IMAGE_FREE_J69 (accepted.c) [189] WL_FID_MAIN_K1132 (accepted.c) [28] corpus_eval (accepted.c)
  [86] WL_FID_IMAGE_FREE_K69 (accepted.c) [190] WL_FID_MAIN_K1168 (accepted.c) [207] ctr_take (accepted.c)
  [35] WL_FID_IMAGE_FREE_K70 (accepted.c) [191] WL_FID_MAIN_K1173 (accepted.c) [33] heap_alloc_miss (accepted.c)
  [87] WL_FID_IMAGE_FREE_K71 (accepted.c) [192] WL_FID_MAIN_K1180 (accepted.c) [37] heap_hand (accepted.c)
  [88] WL_FID_IMAGE_FREE_K72 (accepted.c) [193] WL_FID_MAIN_K1181 (accepted.c) [68] io_args_run
  [59] WL_FID_IO_ARGS (accepted.c) [194] WL_FID_MAIN_K1182 (accepted.c) [127] io_cbuf (accepted.c)
  [41] WL_FID_IO_BIND (accepted.c) [195] WL_FID_MAIN_K1183 (accepted.c) [17] io_exec (accepted.c)
  [94] WL_FID_IO_BIND_C1070 (accepted.c) [196] WL_FID_MAIN_K1184 (accepted.c) [14] io_loop (accepted.c)
  [95] WL_FID_IO_BIND_K1071 (accepted.c) [124] WL_FID_NAT_SHOW (accepted.c) [115] io_mem (accepted.c)
 [136] WL_FID_IO_EMIT (accepted.c) [82] WL_FID_NAT_SHOW_FIN (accepted.c) [122] io_now_run
  [58] WL_FID_IO_NOW (accepted.c) [130] WL_FID_REQUIRE_C509 (accepted.c) [123] io_out (accepted.c)
 [137] WL_FID_IO_PASS_C463 (accepted.c) [71] WL_FID_SCENE_BUILD (accepted.c) [133] io_print_run
 [129] WL_FID_IO_PRINT (accepted.c) [80] WL_FID_SCENE_BUILD_K772 (accepted.c) [208] io_spawn (accepted.c)
  [97] WL_FID_IO_PURE (accepted.c) [57] WL_FID_SCENE_DRAW (accepted.c) [16] io_step (accepted.c)
 [138] WL_FID_IO_TRY_C550 (accepted.c) [110] WL_FID_SCENE_DRAW_K760 (accepted.c) [69] io_str (accepted.c)
 [139] WL_FID_IO_TRY_C551 (accepted.c) [70] WL_FID_STRING_APPEND (accepted.c) [104] io_sync (accepted.c)
 [140] WL_FID_MAIN (accepted.c) [72] WL_FID_STRING_APPEND_K758 (accepted.c) [9] monk_step (accepted.c)
 [141] WL_FID_MAIN_C1073 (accepted.c) [56] WL_FID_STRING_CMP (accepted.c) [113] pool_open (accepted.c)
 [142] WL_FID_MAIN_C1074 (accepted.c) [66] WL_FID_STRING_CMP_K688 (accepted.c) [134] pool_stack (accepted.c)
 [143] WL_FID_MAIN_C1083 (accepted.c) [91] WL_FID_STRING_EQ (accepted.c) [100] pool_turn (accepted.c)
 [144] WL_FID_MAIN_C1084 (accepted.c) [92] WL_FID_STRING_EQ_K947 (accepted.c) [1] pool_work (accepted.c)
 [145] WL_FID_MAIN_C1087 (accepted.c) [93] WL_FID_STRING_ORDER (accepted.c) [34] rfc_wrap (accepted.c)
 [146] WL_FID_MAIN_C1088 (accepted.c) [63] WL_FID_STRING_ORDER_K846 (accepted.c) [23] span_fade (accepted.c)
 [147] WL_FID_MAIN_C1116 (accepted.c) [197] WL_FID_U32_POW (accepted.c) [118] spare_free (accepted.c)
  [60] WL_FID_MAIN_C1117 (accepted.c) [114] WL_FID_U32_POW_K671 (accepted.c) [7] spin_102 (accepted.c)
 [148] WL_FID_MAIN_C1119 (accepted.c) [74] WL_FID_U32_READ (accepted.c) [4] spin_141 (accepted.c)
 [149] WL_FID_MAIN_C1120 (accepted.c) [76] WL_FID_U32_READ_GO (accepted.c) [12] spin_161 (accepted.c)
 [150] WL_FID_MAIN_C1121 (accepted.c) [198] WL_FID_WINDOW_CLOSE (accepted.c) [3] spin_181 (accepted.c)
 [151] WL_FID_MAIN_C1122 (accepted.c) [111] WL_FID_WINDOW_FRAME (accepted.c) [27] spin_182 (accepted.c)
 [152] WL_FID_MAIN_C1123 (accepted.c) [199] WL_FID_WINDOW_OPEN (accepted.c) [32] spin_218 (accepted.c)
 [153] WL_FID_MAIN_C1128 (accepted.c) [200] WL_FID____ATELIER_ASSEMBLIES (accepted.c) [52] spin_220 (accepted.c)
 [154] WL_FID_MAIN_C1129 (accepted.c) [116] WL_FID____ATELIER_ASSEMBLIES_K539 (accepted.c) [55] spin_221 (accepted.c)
 [155] WL_FID_MAIN_C1166 (accepted.c) [201] WL_FID____ATELIER_BODY (accepted.c) [44] spin_222 (accepted.c)
 [156] WL_FID_MAIN_C1167 (accepted.c) [202] WL_FID____ATELIER_BODY_K692 (accepted.c) [78] spin_223 (accepted.c)
 [157] WL_FID_MAIN_C1169 (accepted.c) [203] WL_FID____ATELIER_BODY_K693 (accepted.c) [75] spin_224 (accepted.c)
 [158] WL_FID_MAIN_C1170 (accepted.c) [117] WL_FID____ATELIER_CUBOIDS (accepted.c) [73] spin_225 (accepted.c)
 [159] WL_FID_MAIN_C1171 (accepted.c) [46] WL_FID____ATELIER_CUBOIDS_K359 (accepted.c) [81] spin_235 (accepted.c)
 [160] WL_FID_MAIN_C1172 (accepted.c) [51] WL_FID____ATELIER_GENERATE (accepted.c) [209] spin_248 (accepted.c)
 [161] WL_FID_MAIN_C1174 (accepted.c) [54] WL_FID____ATELIER_GENERATE_K535 (accepted.c) [101] spin_5 (accepted.c)
 [162] WL_FID_MAIN_C1175 (accepted.c) [43] WL_FID____ATELIER_GENERATE_K536 (accepted.c) [6] spin_61 (accepted.c)
 [163] WL_FID_MAIN_C1176 (accepted.c) [67] WL_FID____ATELIER_GENERATE_K537 (accepted.c) [119] spin_74 (accepted.c)
  [79] WL_FID_MAIN_C1177 (accepted.c) [125] WL_FID____ATELIER_TRANSLATE (accepted.c) [120] spin_82 (accepted.c)
 [164] WL_FID_MAIN_C1178 (accepted.c) [47] WL_FID____ATELIER_TRANSLATE_K354 (accepted.c) [102] spin_83 (accepted.c)
 [165] WL_FID_MAIN_C1179 (accepted.c) [112] WL_FID____DDA_FRAME_FORK (accepted.c) [90] spin_85 (accepted.c)
  [84] WL_FID_MAIN_K1075 (accepted.c) [2] WL_FID____DDA_FRAME_SEQ (accepted.c) [5] spin_99 (accepted.c)
  [61] WL_FID_MAIN_K1076 (accepted.c) [21] WL_FID____DDA_FRAME_SEQ_K428 (accepted.c) [11] term_drop (accepted.c)
 [166] WL_FID_MAIN_K1077 (accepted.c) [13] WL_FID____DDA_FRAME_SEQ_K429 (accepted.c) [210] window_close_run
 [167] WL_FID_MAIN_K1078 (accepted.c) [26] WL_FID____DDA_FRAME_SEQ_K430 (accepted.c) [18] window_frame (accepted.c)
 [168] WL_FID_MAIN_K1079 (accepted.c) [24] WL_FID____DDA_FRAME_SEQ_K431 (accepted.c) [19] window_frame_run
  [62] WL_FID_MAIN_K1080 (accepted.c) [204] WL_FID____DDA_GRID_BUILD (accepted.c) [211] window_open_run
 [169] WL_FID_MAIN_K1081 (accepted.c) [38] WL_FID____DDA_GRID_BUILD_K834 (accepted.c) [20] window_sq (accepted.c)
 [170] WL_FID_MAIN_K1082 (accepted.c) [205] WL_FID____DDA_GRID_BUILD_K835 (accepted.c) [8] work_loop (accepted.c)
