Flat profile:

Each sample counts as 0.01 seconds.
  %   cumulative   self              self     total           
 time   seconds   seconds    calls  ms/call  ms/call  name    
 44.20     15.50    15.50 183589584     0.00     0.00  spin_104
 25.95     24.60     9.10 513020016     0.00     0.00  spin_62
 15.40     30.00     5.40 171006672     0.00     0.00  spin_101
  3.17     31.11     1.11 12582912     0.00     0.00  spin_143
  2.11     31.85     0.74 12582912     0.00     0.00  WL_FID____DDA_FRAME_SEQ
  1.60     32.41     0.56 14306854     0.00     0.00  term_drop
  1.31     32.87     0.46 12582912     0.00     0.00  spin_183
  1.06     33.24     0.37  4194288     0.00     0.00  WL_FID____DDA_FRAME_SEQ_K430
  0.83     33.53     0.29  4194288     0.00     0.00  WL_FID____DDA_FRAME_SEQ_K431
  0.80     33.81     0.28       48     5.83     5.83  window_sq
  0.63     34.03     0.22 37748736     0.00     0.00  spin_184
  0.46     34.19     0.16  4194288     0.00     0.00  WL_FID____DDA_FRAME_SEQ_K432
  0.46     34.35     0.16                             _init
  0.40     34.49     0.14 12582912     0.00     0.00  WL_FID____RENDER_PIXEL_PRESENT
  0.40     34.63     0.14  4194288     0.00     0.00  WL_FID____DDA_FRAME_SEQ_K433
  0.40     34.77     0.14  3961140     0.00     0.00  WL_FID____DDA_TREE_PAINT
  0.37     34.90     0.13  7910076     0.00     0.00  spin_163
  0.11     34.94     0.04  3483390     0.00     0.00  span_fade
  0.09     34.97     0.03  3955038     0.00     0.00  WL_FID____DDA_TREE_PAINT_K518
  0.09     35.00     0.03  3879820     0.00     0.00  rfc_wrap
  0.06     35.02     0.02   802800     0.00     0.00  WL_FID_IMAGE_FREE
  0.06     35.04     0.02     2886     0.01     0.01  heap_alloc_miss
  0.03     35.05     0.01  3955038     0.00     0.00  WL_FID____DDA_TREE_PAINT_K519
  0.03     35.06     0.01  3955038     0.00     0.00  spin_220
  0.03     35.07     0.01      846     0.01     0.01  heap_hand
  0.00     35.07     0.00   860160     0.00     0.01  monk_step
  0.00     35.07     0.00   262128     0.00     0.00  WL_FID_IMAGE_FREE_J71
  0.00     35.07     0.00   245760     0.00     0.00  WL_FID_IMAGE_FREE_K71
  0.00     35.07     0.00   245760     0.00     0.00  WL_FID_IMAGE_FREE_K72
  0.00     35.07     0.00   245760     0.00     0.00  WL_FID_IMAGE_FREE_K73
  0.00     35.07     0.00   245760     0.00     0.00  WL_FID_IMAGE_FREE_K74
  0.00     35.07     0.00    82149     0.00     0.00  WL_FID_ENTER
  0.00     35.07     0.00    65973     0.00     0.00  WL_FID_EXIT
  0.00     35.07     0.00    16545     0.00     0.31  work_loop
  0.00     35.07     0.00     6105     0.00     0.00  WL_FID____DDA_GRID_PAINT
  0.00     35.07     0.00     6102     0.00     0.00  WL_FID____ATELIER_CUBOIDS_K361
  0.00     35.07     0.00     6102     0.00     0.00  WL_FID____DDA_GRID_PAINT_K671
  0.00     35.07     0.00     6003     0.00     0.00  WL_FID____ATELIER_TRANSLATE_K356
  0.00     35.07     0.00      900     0.00     0.00  spin_86
  0.00     35.07     0.00      750     0.00     0.00  WL_FID_CLO_APPLY
  0.00     35.07     0.00      300     0.00     0.00  WL_FID_STRING_CMP_K690
  0.00     35.07     0.00      234     0.00     0.00  WL_FID_STRING_CMP
  0.00     35.07     0.00      234     0.00     0.00  WL_FID_STRING_EQ
  0.00     35.07     0.00      234     0.00     0.00  WL_FID_STRING_EQ_K949
  0.00     35.07     0.00      234     0.00     0.00  WL_FID_STRING_ORDER
  0.00     35.07     0.00      234     0.00     0.00  WL_FID_STRING_ORDER_K848
  0.00     35.07     0.00      186     0.00     0.00  WL_FID_IO_BIND
  0.00     35.07     0.00      186     0.00     0.00  WL_FID_IO_BIND_C1072
  0.00     35.07     0.00      186     0.00     0.00  WL_FID_IO_BIND_K1073
  0.00     35.07     0.00      138     0.00     0.00  WL_FID____MAIN_OPTIONS_FLAG
  0.00     35.07     0.00      126     0.00     0.00  WL_FID_STRING_APPEND_K760
  0.00     35.07     0.00      120     0.00     0.00  WL_FID____MAIN_OPTIONS_HAS
  0.00     35.07     0.00      117     0.00     0.00  WL_FID____MAIN_OPTIONS_FLAG_K954
  0.00     35.07     0.00      114     0.00     0.00  WL_FID_IO_PURE
  0.00     35.07     0.00      105     0.00     0.00  WL_FID____MAIN_OPTIONS_HAS_K957
  0.00     35.07     0.00      105     0.00     0.00  WL_FID____MAIN_OPTIONS_HAS_K958
  0.00     35.07     0.00       96     0.00     0.00  pool_turn
  0.00     35.07     0.00       90     0.00     0.00  spin_5
  0.00     35.07     0.00       90     0.00     0.00  spin_84
  0.00     35.07     0.00       81     0.00     0.86  corpus_eval
  0.00     35.07     0.00       75     0.00     3.73  io_exec
  0.00     35.07     0.00       54     0.00     0.00  WL_FID_FRAMES
  0.00     35.07     0.00       51     0.00     0.00  io_sync
  0.00     35.07     0.00       48     0.00     0.00  WL_FID_FRAMES_C408
  0.00     35.07     0.00       48     0.00     0.00  WL_FID_FRAMES_C416
  0.00     35.07     0.00       48     0.00     0.00  WL_FID_FRAMES_K407
  0.00     35.07     0.00       48     0.00     0.00  WL_FID_FRAME_DRAWN_C409
  0.00     35.07     0.00       48     0.00     0.00  WL_FID_FRAME_DRAWN_C410
  0.00     35.07     0.00       48     0.00     0.00  WL_FID_FRAME_DRAWN_C412
  0.00     35.07     0.00       48     0.00     0.00  WL_FID_FRAME_DRAWN_C413
  0.00     35.07     0.00       48     0.00     0.00  WL_FID_FRAME_DRAWN_C414
  0.00     35.07     0.00       48     0.00     0.00  WL_FID_FRAME_DRAWN_C415
  0.00     35.07     0.00       48     0.00     0.00  WL_FID_FRAME_DRAWN_K411
  0.00     35.07     0.00       48     0.00     0.00  WL_FID_IMAGE_DROP
  0.00     35.07     0.00       48     0.00     0.00  WL_FID_SCENE_DRAW
  0.00     35.07     0.00       48     0.00     0.00  WL_FID_SCENE_DRAW_K762
  0.00     35.07     0.00       48     0.00     0.00  WL_FID_WINDOW_FRAME
  0.00     35.07     0.00       48     0.00     0.00  WL_FID____DDA_FRAME_FORK
  0.00     35.07     0.00       48     0.00     0.00  pool_open
  0.00     35.07     0.00       48     0.00     5.83  window_frame
  0.00     35.07     0.00       48     0.00     5.83  window_frame_run
  0.00     35.07     0.00       27     0.00     0.00  WL_FID_U32_POW_K673
  0.00     35.07     0.00       25     0.00     0.00  io_mem
  0.00     35.07     0.00       21     0.00     0.00  WL_FID____MAIN_OPTIONS_ARGS_K960
  0.00     35.07     0.00       21     0.00     0.00  io_str
  0.00     35.07     0.00       18     0.00     0.00  WL_FID_STRING_APPEND
  0.00     35.07     0.00       18     0.00     0.00  WL_FID____ATELIER_ASSEMBLIES_K541
  0.00     35.07     0.00       18     0.00     0.00  WL_FID____ATELIER_CUBOIDS
  0.00     35.07     0.00       18     0.00     0.00  spare_free
  0.00     35.07     0.00       15     0.00     0.00  spin_75
  0.00     35.07     0.00       15     0.00     0.00  spin_83
  0.00     35.07     0.00       12     0.00     0.00  WL_FID_IO_NOW
  0.00     35.07     0.00       12     0.00     0.00  WL_FID____MAIN_OPTIONS_NUMBER
  0.00     35.07     0.00       12     0.00     0.00  io_now_run
  0.00     35.07     0.00       12     0.00     0.00  io_out
  0.00     35.07     0.00        9     0.00     0.00  WL_FID_NAT_SHOW
  0.00     35.07     0.00        9     0.00     0.00  WL_FID_NAT_SHOW_FIN
  0.00     35.07     0.00        9     0.00     0.00  WL_FID_U32_READ
  0.00     35.07     0.00        9     0.00     0.00  WL_FID_U32_READ_GO
  0.00     35.07     0.00        9     0.00     0.00  WL_FID____ATELIER_TRANSLATE
  0.00     35.07     0.00        9     0.00     0.00  WL_FID____MAIN_OPTIONS_NUMBER_K947
  0.00     35.07     0.00        9     0.00     0.00  io_cbuf
  0.00     35.07     0.00        6     0.00     0.00  WL_FID_FRAMES_C406
  0.00     35.07     0.00        6     0.00     0.00  WL_FID_IO_PRINT
  0.00     35.07     0.00        6     0.00     0.00  WL_FID_REQUIRE_C511
  0.00     35.07     0.00        6     0.00     0.00  WL_FID____MAIN_OPTIONS_DEPTH
  0.00     35.07     0.00        6     0.00     0.00  WL_FID____MAIN_OPTIONS_DEPTH_K856
  0.00     35.07     0.00        6     0.00     0.00  io_print_run
  0.00     35.07     0.00        6     0.00     0.00  pool_stack
  0.00     35.07     0.00        3     0.00     0.00  WL_FID_BODY
  0.00     35.07     0.00        3     0.00     0.01  WL_FID_IO_ARGS
  0.00     35.07     0.00        3     0.00     0.00  WL_FID_IO_EMIT
  0.00     35.07     0.00        3     0.00     0.00  WL_FID_IO_PASS_C465
  0.00     35.07     0.00        3     0.00     0.00  WL_FID_IO_TRY_C552
  0.00     35.07     0.00        3     0.00     0.00  WL_FID_IO_TRY_C553
  0.00     35.07     0.00        3     0.00     0.00  WL_FID_MAIN
  0.00     35.07     0.00        3     0.00     0.00  WL_FID_MAIN_C1075
  0.00     35.07     0.00        3     0.00     0.00  WL_FID_MAIN_C1076
  0.00     35.07     0.00        3     0.00     0.00  WL_FID_MAIN_C1085
  0.00     35.07     0.00        3     0.00     0.00  WL_FID_MAIN_C1086
  0.00     35.07     0.00        3     0.00     0.00  WL_FID_MAIN_C1089
  0.00     35.07     0.00        3     0.00     0.00  WL_FID_MAIN_C1090
  0.00     35.07     0.00        3     0.00     0.00  WL_FID_MAIN_C1118
  0.00     35.07     0.00        3     0.00     0.01  WL_FID_MAIN_C1119
  0.00     35.07     0.00        3     0.00     0.00  WL_FID_MAIN_C1121
  0.00     35.07     0.00        3     0.00     0.00  WL_FID_MAIN_C1122
  0.00     35.07     0.00        3     0.00     0.00  WL_FID_MAIN_C1123
  0.00     35.07     0.00        3     0.00     0.00  WL_FID_MAIN_C1124
  0.00     35.07     0.00        3     0.00     0.00  WL_FID_MAIN_C1125
  0.00     35.07     0.00        3     0.00     0.00  WL_FID_MAIN_C1130
  0.00     35.07     0.00        3     0.00     0.00  WL_FID_MAIN_C1131
  0.00     35.07     0.00        3     0.00     0.00  WL_FID_MAIN_C1168
  0.00     35.07     0.00        3     0.00     0.00  WL_FID_MAIN_C1169
  0.00     35.07     0.00        3     0.00     0.00  WL_FID_MAIN_C1171
  0.00     35.07     0.00        3     0.00     0.00  WL_FID_MAIN_C1172
  0.00     35.07     0.00        3     0.00     0.00  WL_FID_MAIN_C1173
  0.00     35.07     0.00        3     0.00     0.00  WL_FID_MAIN_C1174
  0.00     35.07     0.00        3     0.00     0.00  WL_FID_MAIN_C1176
  0.00     35.07     0.00        3     0.00     0.00  WL_FID_MAIN_C1177
  0.00     35.07     0.00        3     0.00     0.00  WL_FID_MAIN_C1178
  0.00     35.07     0.00        3     0.00     0.00  WL_FID_MAIN_C1179
  0.00     35.07     0.00        3     0.00     0.00  WL_FID_MAIN_C1180
  0.00     35.07     0.00        3     0.00     0.00  WL_FID_MAIN_C1181
  0.00     35.07     0.00        3     0.00     0.00  WL_FID_MAIN_K1077
  0.00     35.07     0.00        3     0.00     0.01  WL_FID_MAIN_K1078
  0.00     35.07     0.00        3     0.00     0.00  WL_FID_MAIN_K1079
  0.00     35.07     0.00        3     0.00     0.00  WL_FID_MAIN_K1080
  0.00     35.07     0.00        3     0.00     0.00  WL_FID_MAIN_K1081
  0.00     35.07     0.00        3     0.00     0.01  WL_FID_MAIN_K1082
  0.00     35.07     0.00        3     0.00     0.00  WL_FID_MAIN_K1083
  0.00     35.07     0.00        3     0.00     0.00  WL_FID_MAIN_K1084
  0.00     35.07     0.00        3     0.00     0.00  WL_FID_MAIN_K1087
  0.00     35.07     0.00        3     0.00     0.00  WL_FID_MAIN_K1088
  0.00     35.07     0.00        3     0.00     0.00  WL_FID_MAIN_K1091
  0.00     35.07     0.00        3     0.00     0.00  WL_FID_MAIN_K1092
  0.00     35.07     0.00        3     0.00     0.00  WL_FID_MAIN_K1093
  0.00     35.07     0.00        3     0.00     0.00  WL_FID_MAIN_K1094
  0.00     35.07     0.00        3     0.00     0.00  WL_FID_MAIN_K1095
  0.00     35.07     0.00        3     0.00     0.00  WL_FID_MAIN_K1096
  0.00     35.07     0.00        3     0.00     0.00  WL_FID_MAIN_K1097
  0.00     35.07     0.00        3     0.00     0.00  WL_FID_MAIN_K1098
  0.00     35.07     0.00        3     0.00     0.00  WL_FID_MAIN_K1099
  0.00     35.07     0.00        3     0.00     0.00  WL_FID_MAIN_K1120
  0.00     35.07     0.00        3     0.00     0.00  WL_FID_MAIN_K1126
  0.00     35.07     0.00        3     0.00     0.00  WL_FID_MAIN_K1127
  0.00     35.07     0.00        3     0.00     0.00  WL_FID_MAIN_K1128
  0.00     35.07     0.00        3     0.00     0.00  WL_FID_MAIN_K1129
  0.00     35.07     0.00        3     0.00     0.00  WL_FID_MAIN_K1132
  0.00     35.07     0.00        3     0.00     0.00  WL_FID_MAIN_K1133
  0.00     35.07     0.00        3     0.00     0.00  WL_FID_MAIN_K1134
  0.00     35.07     0.00        3     0.00     0.00  WL_FID_MAIN_K1170
  0.00     35.07     0.00        3     0.00     0.00  WL_FID_MAIN_K1175
  0.00     35.07     0.00        3     0.00     0.00  WL_FID_MAIN_K1182
  0.00     35.07     0.00        3     0.00     0.00  WL_FID_MAIN_K1183
  0.00     35.07     0.00        3     0.00     0.00  WL_FID_MAIN_K1184
  0.00     35.07     0.00        3     0.00     0.00  WL_FID_MAIN_K1185
  0.00     35.07     0.00        3     0.00     0.00  WL_FID_MAIN_K1186
  0.00     35.07     0.00        3     0.00     0.00  WL_FID_SCENE_BUILD
  0.00     35.07     0.00        3     0.00     0.00  WL_FID_SCENE_BUILD_K774
  0.00     35.07     0.00        3     0.00     0.00  WL_FID_U32_POW
  0.00     35.07     0.00        3     0.00     0.00  WL_FID_WINDOW_CLOSE
  0.00     35.07     0.00        3     0.00     0.00  WL_FID_WINDOW_OPEN
  0.00     35.07     0.00        3     0.00     0.00  WL_FID____ATELIER_ASSEMBLIES
  0.00     35.07     0.00        3     0.00     0.00  WL_FID____ATELIER_BODY
  0.00     35.07     0.00        3     0.00     0.00  WL_FID____ATELIER_BODY_K694
  0.00     35.07     0.00        3     0.00     0.00  WL_FID____ATELIER_BODY_K695
  0.00     35.07     0.00        3     0.00     0.02  WL_FID____ATELIER_GENERATE
  0.00     35.07     0.00        3     0.00     0.02  WL_FID____ATELIER_GENERATE_K537
  0.00     35.07     0.00        3     0.00     0.03  WL_FID____ATELIER_GENERATE_K538
  0.00     35.07     0.00        3     0.00     0.00  WL_FID____ATELIER_GENERATE_K539
  0.00     35.07     0.00        3     0.00     0.00  WL_FID____DDA_GRID_BUILD
  0.00     35.07     0.00        3     0.00     0.13  WL_FID____DDA_GRID_BUILD_K836
  0.00     35.07     0.00        3     0.00     0.00  WL_FID____DDA_GRID_BUILD_K837
  0.00     35.07     0.00        3     0.00     0.00  WL_FID____MAIN_OPTIONS_ARGS
  0.00     35.07     0.00        3     0.00     0.00  ctr_take
  0.00     35.07     0.00        3     0.00     0.00  io_args_run
  0.00     35.07     0.00        3     0.00   116.69  io_loop
  0.00     35.07     0.00        3     0.00     0.00  io_spawn
  0.00     35.07     0.00        3     0.00   115.81  io_step
  0.00     35.07     0.00        3     0.00     0.02  spin_222
  0.00     35.07     0.00        3     0.00     0.02  spin_223
  0.00     35.07     0.00        3     0.00     0.03  spin_224
  0.00     35.07     0.00        3     0.00     0.00  spin_225
  0.00     35.07     0.00        3     0.00     0.00  spin_226
  0.00     35.07     0.00        3     0.00     0.00  spin_227
  0.00     35.07     0.00        3     0.00     0.00  spin_237
  0.00     35.07     0.00        3     0.00     0.00  spin_250
  0.00     35.07     0.00        3     0.00     0.00  window_close_run
  0.00     35.07     0.00        3     0.00     0.00  window_open_run

			Call graph


granularity: each sample hit covers 4 byte(s) for 0.03% of 35.07 seconds

index % time    self  children    called     name
                                                 <spontaneous>
[1]     98.5    0.00   34.56                 pool_work [1]
                0.65   27.82 11010048/12582912     WL_FID____DDA_FRAME_SEQ [2]
                0.00    5.08  860160/860160      monk_step [9]
                0.32    0.00 3670002/4194288     WL_FID____DDA_FRAME_SEQ_K430 [13]
                0.25    0.00 3670002/4194288     WL_FID____DDA_FRAME_SEQ_K431 [17]
                0.14    0.00 3670002/4194288     WL_FID____DDA_FRAME_SEQ_K432 [24]
                0.12    0.00 3670002/4194288     WL_FID____DDA_FRAME_SEQ_K433 [27]
                0.12    0.00 11010048/12582912     WL_FID____RENDER_PIXEL_PRESENT [28]
                0.02    0.03  786432/802800      WL_FID_IMAGE_FREE [32]
                0.00    0.00     492/750         WL_FID_CLO_APPLY [36]
                0.00    0.00   65604/82149       WL_FID_ENTER [41]
                0.00    0.00      48/48          WL_FID_FRAME_DRAWN_C412 [43]
                0.00    0.00      48/48          WL_FID_FRAMES_C416 [46]
                0.00    0.00     138/186         WL_FID_IO_BIND [42]
                0.00    0.00      48/48          WL_FID_FRAME_DRAWN_C415 [53]
                0.00    0.00      42/48          WL_FID_FRAMES_C408 [51]
                0.00    0.00      42/48          WL_FID_FRAME_DRAWN_C409 [52]
                0.00    0.00      42/48          WL_FID_SCENE_DRAW [55]
                0.00    0.00       6/12          WL_FID_IO_NOW [56]
                0.00    0.00  262128/262128      WL_FID_IMAGE_FREE_J71 [83]
                0.00    0.00  245760/245760      WL_FID_IMAGE_FREE_K71 [84]
                0.00    0.00  245760/245760      WL_FID_IMAGE_FREE_K72 [85]
                0.00    0.00  245760/245760      WL_FID_IMAGE_FREE_K73 [86]
                0.00    0.00  245760/245760      WL_FID_IMAGE_FREE_K74 [87]
                0.00    0.00   65802/65973       WL_FID_EXIT [88]
                0.00    0.00     150/186         WL_FID_IO_BIND_K1073 [95]
                0.00    0.00     102/114         WL_FID_IO_PURE [97]
                0.00    0.00     102/186         WL_FID_IO_BIND_C1072 [94]
                0.00    0.00      48/48          WL_FID_FRAME_DRAWN_K411 [108]
                0.00    0.00      48/48          WL_FID_FRAME_DRAWN_C413 [106]
                0.00    0.00      48/48          WL_FID_FRAME_DRAWN_C414 [107]
                0.00    0.00      48/54          WL_FID_FRAMES [103]
                0.00    0.00      42/48          WL_FID____DDA_FRAME_FORK [112]
                0.00    0.00      42/48          WL_FID_SCENE_DRAW_K762 [110]
                0.00    0.00      42/48          WL_FID_FRAMES_K407 [105]
                0.00    0.00      42/48          WL_FID_WINDOW_FRAME [111]
                0.00    0.00       6/6           WL_FID_FRAMES_C406 [128]
                0.00    0.00       3/6           pool_stack [134]
                0.00    0.00       3/3           WL_FID_MAIN_C1172 [158]
                0.00    0.00       3/3           WL_FID_MAIN_C1173 [159]
                0.00    0.00       3/3           WL_FID_MAIN_C1177 [162]
                0.00    0.00       3/3           WL_FID_MAIN_C1178 [163]
-----------------------------------------------
                0.09    3.97 1572864/12582912     work_loop [8]
                0.65   27.82 11010048/12582912     pool_work [1]
[2]     92.8    0.74   31.79 12582912         WL_FID____DDA_FRAME_SEQ [2]
                0.46   31.33 12582912/12582912     spin_183 [3]
-----------------------------------------------
                0.46   31.33 12582912/12582912     WL_FID____DDA_FRAME_SEQ [2]
[3]     90.6    0.46   31.33 12582912         spin_183 [3]
                1.11   28.94 12582912/12582912     spin_143 [4]
                1.06    0.00 12582912/183589584     spin_104 [5]
                0.22    0.00 37748736/37748736     spin_184 [22]
-----------------------------------------------
                1.11   28.94 12582912/12582912     spin_183 [3]
[4]     85.7    1.11   28.94 12582912         spin_143 [4]
                5.40    9.10 171006672/171006672     spin_101 [6]
               14.44    0.00 171006672/183589584     spin_104 [5]
-----------------------------------------------
                1.06    0.00 12582912/183589584     spin_183 [3]
               14.44    0.00 171006672/183589584     spin_143 [4]
[5]     44.2   15.50    0.00 183589584         spin_104 [5]
-----------------------------------------------
                5.40    9.10 171006672/171006672     spin_143 [4]
[6]     41.3    5.40    9.10 171006672         spin_101 [6]
                9.10    0.00 513020016/513020016     spin_62 [7]
-----------------------------------------------
                9.10    0.00 513020016/513020016     spin_101 [6]
[7]     25.9    9.10    0.00 513020016         spin_62 [7]
-----------------------------------------------
                0.00    0.07     225/16545       corpus_eval [29]
                0.00    5.08   16320/16545       monk_step [9]
[8]     14.7    0.00    5.15   16545         work_loop [8]
                0.09    3.97 1572864/12582912     WL_FID____DDA_FRAME_SEQ [2]
                0.14    0.57 3961140/3961140     WL_FID____DDA_TREE_PAINT [10]
                0.03    0.13 3955038/3955038     WL_FID____DDA_TREE_PAINT_K518 [26]
                0.01    0.06 3955038/3955038     WL_FID____DDA_TREE_PAINT_K519 [30]
                0.05    0.00  524286/4194288     WL_FID____DDA_FRAME_SEQ_K430 [13]
                0.04    0.00  524286/4194288     WL_FID____DDA_FRAME_SEQ_K431 [17]
                0.02    0.00  524286/4194288     WL_FID____DDA_FRAME_SEQ_K432 [24]
                0.02    0.00  524286/4194288     WL_FID____DDA_FRAME_SEQ_K433 [27]
                0.02    0.00 1572864/12582912     WL_FID____RENDER_PIXEL_PRESENT [28]
                0.00    0.00   16368/802800      WL_FID_IMAGE_FREE [32]
                0.00    0.00       3/3           WL_FID____DDA_GRID_BUILD_K836 [37]
                0.00    0.00    6105/6105        WL_FID____DDA_GRID_PAINT [38]
                0.00    0.00     258/750         WL_FID_CLO_APPLY [36]
                0.00    0.00    6102/6102        WL_FID____ATELIER_CUBOIDS_K361 [39]
                0.00    0.00    6003/6003        WL_FID____ATELIER_TRANSLATE_K356 [40]
                0.00    0.00       3/3           WL_FID____ATELIER_GENERATE_K538 [44]
                0.00    0.00       3/3           WL_FID____ATELIER_GENERATE [47]
                0.00    0.00       3/3           WL_FID____ATELIER_GENERATE_K537 [49]
                0.00    0.00     234/234         WL_FID_STRING_CMP [54]
                0.00    0.00      48/186         WL_FID_IO_BIND [42]
                0.00    0.00   16545/82149       WL_FID_ENTER [41]
                0.00    0.00       3/3           WL_FID_IO_ARGS [57]
                0.00    0.00       3/3           WL_FID_MAIN_K1078 [59]
                0.00    0.00       3/3           WL_FID_MAIN_K1082 [60]
                0.00    0.00       3/3           WL_FID_MAIN_C1119 [58]
                0.00    0.00       6/12          WL_FID_IO_NOW [56]
                0.00    0.00     234/234         WL_FID_STRING_ORDER_K848 [61]
                0.00    0.00     138/138         WL_FID____MAIN_OPTIONS_FLAG [62]
                0.00    0.00     120/120         WL_FID____MAIN_OPTIONS_HAS [63]
                0.00    0.00       6/48          WL_FID_FRAMES_C408 [51]
                0.00    0.00       6/48          WL_FID_FRAME_DRAWN_C409 [52]
                0.00    0.00     300/300         WL_FID_STRING_CMP_K690 [64]
                0.00    0.00       6/48          WL_FID_SCENE_DRAW [55]
                0.00    0.00       3/3           WL_FID____ATELIER_GENERATE_K539 [65]
                0.00    0.00     126/126         WL_FID_STRING_APPEND_K760 [68]
                0.00    0.00      18/18          WL_FID_STRING_APPEND [70]
                0.00    0.00       3/3           WL_FID_SCENE_BUILD [71]
                0.00    0.00       9/9           WL_FID_U32_READ [73]
                0.00    0.00      48/48          WL_FID_FRAME_DRAWN_C410 [75]
                0.00    0.00       9/9           WL_FID_NAT_SHOW_FIN [76]
                0.00    0.00      21/21          WL_FID____MAIN_OPTIONS_ARGS_K960 [77]
                0.00    0.00       9/9           WL_FID_U32_READ_GO [78]
                0.00    0.00       3/3           WL_FID_SCENE_BUILD_K774 [80]
                0.00    0.00       3/3           WL_FID_MAIN_C1179 [79]
                0.00    0.00       3/3           WL_FID_MAIN_K1077 [82]
                0.00    0.00    6102/6102        WL_FID____DDA_GRID_PAINT_K671 [89]
                0.00    0.00     234/234         WL_FID_STRING_EQ [91]
                0.00    0.00     234/234         WL_FID_STRING_ORDER [93]
                0.00    0.00     234/234         WL_FID_STRING_EQ_K949 [92]
                0.00    0.00     171/65973       WL_FID_EXIT [88]
                0.00    0.00     117/117         WL_FID____MAIN_OPTIONS_FLAG_K954 [96]
                0.00    0.00     105/105         WL_FID____MAIN_OPTIONS_HAS_K957 [98]
                0.00    0.00     105/105         WL_FID____MAIN_OPTIONS_HAS_K958 [99]
                0.00    0.00      84/186         WL_FID_IO_BIND_C1072 [94]
                0.00    0.00      48/48          WL_FID_IMAGE_DROP [109]
                0.00    0.00      36/186         WL_FID_IO_BIND_K1073 [95]
                0.00    0.00      27/27          WL_FID_U32_POW_K673 [114]
                0.00    0.00      18/18          WL_FID____ATELIER_ASSEMBLIES_K541 [116]
                0.00    0.00      18/18          WL_FID____ATELIER_CUBOIDS [117]
                0.00    0.00      12/12          WL_FID____MAIN_OPTIONS_NUMBER [121]
                0.00    0.00      12/114         WL_FID_IO_PURE [97]
                0.00    0.00       9/9           WL_FID____ATELIER_TRANSLATE [125]
                0.00    0.00       9/9           WL_FID____MAIN_OPTIONS_NUMBER_K947 [126]
                0.00    0.00       9/9           WL_FID_NAT_SHOW [124]
                0.00    0.00       6/6           WL_FID_REQUIRE_C511 [130]
                0.00    0.00       6/6           WL_FID____MAIN_OPTIONS_DEPTH [131]
                0.00    0.00       6/6           WL_FID____MAIN_OPTIONS_DEPTH_K856 [132]
                0.00    0.00       6/54          WL_FID_FRAMES [103]
                0.00    0.00       6/48          WL_FID____DDA_FRAME_FORK [112]
                0.00    0.00       6/48          WL_FID_SCENE_DRAW_K762 [110]
                0.00    0.00       6/48          WL_FID_FRAMES_K407 [105]
                0.00    0.00       6/48          WL_FID_WINDOW_FRAME [111]
                0.00    0.00       6/6           WL_FID_IO_PRINT [129]
                0.00    0.00       3/3           WL_FID_MAIN [140]
                0.00    0.00       3/3           WL_FID_MAIN_C1075 [141]
                0.00    0.00       3/3           WL_FID_MAIN_C1076 [142]
                0.00    0.00       3/3           WL_FID____MAIN_OPTIONS_ARGS [206]
                0.00    0.00       3/3           WL_FID_MAIN_K1079 [166]
                0.00    0.00       3/3           WL_FID_MAIN_K1080 [167]
                0.00    0.00       3/3           WL_FID_MAIN_K1081 [168]
                0.00    0.00       3/3           WL_FID_MAIN_K1083 [169]
                0.00    0.00       3/3           WL_FID_MAIN_K1084 [170]
                0.00    0.00       3/3           WL_FID_MAIN_C1085 [143]
                0.00    0.00       3/3           WL_FID_MAIN_C1086 [144]
                0.00    0.00       3/3           WL_FID_MAIN_K1087 [171]
                0.00    0.00       3/3           WL_FID_MAIN_K1088 [172]
                0.00    0.00       3/3           WL_FID_MAIN_C1089 [145]
                0.00    0.00       3/3           WL_FID_MAIN_C1090 [146]
                0.00    0.00       3/3           WL_FID_MAIN_K1091 [173]
                0.00    0.00       3/3           WL_FID_MAIN_K1092 [174]
                0.00    0.00       3/3           WL_FID_MAIN_K1093 [175]
                0.00    0.00       3/3           WL_FID_MAIN_K1094 [176]
                0.00    0.00       3/3           WL_FID_MAIN_K1095 [177]
                0.00    0.00       3/3           WL_FID_MAIN_K1096 [178]
                0.00    0.00       3/3           WL_FID_MAIN_K1097 [179]
                0.00    0.00       3/3           WL_FID_MAIN_K1098 [180]
                0.00    0.00       3/3           WL_FID_BODY [135]
                0.00    0.00       3/3           WL_FID____ATELIER_BODY [201]
                0.00    0.00       3/3           WL_FID____ATELIER_BODY_K694 [202]
                0.00    0.00       3/3           WL_FID____ATELIER_ASSEMBLIES [200]
                0.00    0.00       3/3           WL_FID____ATELIER_BODY_K695 [203]
                0.00    0.00       3/3           WL_FID_MAIN_K1099 [181]
                0.00    0.00       3/3           WL_FID_MAIN_C1118 [147]
                0.00    0.00       3/3           WL_FID____DDA_GRID_BUILD [204]
                0.00    0.00       3/3           WL_FID_U32_POW [197]
                0.00    0.00       3/3           WL_FID____DDA_GRID_BUILD_K837 [205]
                0.00    0.00       3/3           WL_FID_MAIN_K1120 [182]
                0.00    0.00       3/3           WL_FID_MAIN_C1121 [148]
                0.00    0.00       3/3           WL_FID_MAIN_C1122 [149]
                0.00    0.00       3/3           WL_FID_MAIN_C1123 [150]
                0.00    0.00       3/3           WL_FID_MAIN_C1124 [151]
                0.00    0.00       3/3           WL_FID_MAIN_C1125 [152]
                0.00    0.00       3/3           WL_FID_MAIN_K1126 [183]
                0.00    0.00       3/3           WL_FID_MAIN_K1127 [184]
                0.00    0.00       3/3           WL_FID_MAIN_K1128 [185]
                0.00    0.00       3/3           WL_FID_MAIN_K1129 [186]
                0.00    0.00       3/3           WL_FID_MAIN_C1130 [153]
                0.00    0.00       3/3           WL_FID_MAIN_C1131 [154]
                0.00    0.00       3/3           WL_FID_MAIN_K1132 [187]
                0.00    0.00       3/3           WL_FID_MAIN_K1133 [188]
                0.00    0.00       3/3           WL_FID_MAIN_K1134 [189]
                0.00    0.00       3/3           WL_FID_MAIN_C1168 [155]
                0.00    0.00       3/3           WL_FID_IO_TRY_C552 [138]
                0.00    0.00       3/3           WL_FID_WINDOW_OPEN [199]
                0.00    0.00       3/3           WL_FID_IO_TRY_C553 [139]
                0.00    0.00       3/3           WL_FID_IO_PASS_C465 [137]
                0.00    0.00       3/3           WL_FID_MAIN_C1169 [156]
                0.00    0.00       3/3           WL_FID_MAIN_K1170 [190]
                0.00    0.00       3/3           WL_FID_MAIN_C1171 [157]
                0.00    0.00       3/3           WL_FID_MAIN_C1174 [160]
                0.00    0.00       3/3           WL_FID_MAIN_K1175 [191]
                0.00    0.00       3/3           WL_FID_MAIN_C1176 [161]
                0.00    0.00       3/3           WL_FID_MAIN_C1180 [164]
                0.00    0.00       3/3           WL_FID_WINDOW_CLOSE [198]
                0.00    0.00       3/3           WL_FID_MAIN_C1181 [165]
                0.00    0.00       3/3           WL_FID_MAIN_K1182 [192]
                0.00    0.00       3/3           WL_FID_MAIN_K1183 [193]
                0.00    0.00       3/3           WL_FID_MAIN_K1184 [194]
                0.00    0.00       3/3           WL_FID_MAIN_K1185 [195]
                0.00    0.00       3/3           WL_FID_MAIN_K1186 [196]
                0.00    0.00       3/3           WL_FID_IO_EMIT [136]
-----------------------------------------------
                0.00    5.08  860160/860160      pool_work [1]
[9]     14.5    0.00    5.08  860160         monk_step [9]
                0.00    5.08   16320/16545       work_loop [8]
-----------------------------------------------
                0.14    0.57 3961140/3961140     work_loop [8]
[10]     2.0    0.14    0.57 3961140         WL_FID____DDA_TREE_PAINT [10]
                0.13    0.31 7910076/7910076     spin_163 [12]
                0.02    0.07 1739304/3483390     span_fade [23]
                0.04    0.00  991344/14306854     term_drop [11]
                0.00    0.00    6099/3879820     rfc_wrap [33]
-----------------------------------------------
                0.00    0.00       3/14306854     io_step [16]
                0.00    0.00       3/14306854     WL_FID_MAIN_C1179 [79]
                0.00    0.00       3/14306854     spin_237 [81]
                0.00    0.00       6/14306854     WL_FID____MAIN_OPTIONS_FLAG [62]
                0.00    0.00       7/14306854     WL_FID_FRAME_DRAWN_C410 [75]
                0.00    0.00     234/14306854     WL_FID_STRING_ORDER_K848 [61]
                0.00    0.00  120108/14306854     spin_220 [31]
                0.03    0.00  786432/14306854     WL_FID_IMAGE_FREE [32]
                0.04    0.00  991344/14306854     WL_FID____DDA_TREE_PAINT [10]
                0.04    0.00 1015248/14306854     WL_FID____DDA_TREE_PAINT_K518 [26]
                0.14    0.00 3483390/14306854     span_fade [23]
                0.31    0.00 7910076/14306854     spin_163 [12]
[11]     1.6    0.56    0.01 14306854         term_drop [11]
                0.01    0.00     762/846         heap_hand [35]
-----------------------------------------------
                0.13    0.31 7910076/7910076     WL_FID____DDA_TREE_PAINT [10]
[12]     1.3    0.13    0.31 7910076         spin_163 [12]
                0.31    0.00 7910076/14306854     term_drop [11]
-----------------------------------------------
                0.05    0.00  524286/4194288     work_loop [8]
                0.32    0.00 3670002/4194288     pool_work [1]
[13]     1.1    0.37    0.00 4194288         WL_FID____DDA_FRAME_SEQ_K430 [13]
-----------------------------------------------
                0.00    0.35       3/3           main [15]
[14]     1.0    0.00    0.35       3         io_loop [14]
                0.00    0.35       3/3           io_step [16]
                0.00    0.00       3/81          corpus_eval [29]
                0.00    0.00       3/2886        heap_alloc_miss [34]
                0.00    0.00       3/6           pool_stack [134]
                0.00    0.00       3/3           io_spawn [208]
-----------------------------------------------
                                                 <spontaneous>
[15]     1.0    0.00    0.35                 main [15]
                0.00    0.35       3/3           io_loop [14]
                0.00    0.00       3/51          io_sync [104]
-----------------------------------------------
                0.00    0.35       3/3           io_loop [14]
[16]     1.0    0.00    0.35       3         io_step [16]
                0.00    0.28      75/75          io_exec [18]
                0.00    0.07      78/81          corpus_eval [29]
                0.00    0.00       3/2886        heap_alloc_miss [34]
                0.00    0.00       3/14306854     term_drop [11]
-----------------------------------------------
                0.04    0.00  524286/4194288     work_loop [8]
                0.25    0.00 3670002/4194288     pool_work [1]
[17]     0.8    0.29    0.00 4194288         WL_FID____DDA_FRAME_SEQ_K431 [17]
-----------------------------------------------
                0.00    0.28      75/75          io_step [16]
[18]     0.8    0.00    0.28      75         io_exec [18]
                0.00    0.28      48/48          window_frame_run [20]
                0.00    0.00       3/3           io_args_run [66]
                0.00    0.00      12/12          io_now_run [122]
                0.00    0.00       6/6           io_print_run [133]
                0.00    0.00       3/3           window_open_run [211]
                0.00    0.00       3/3           window_close_run [210]
-----------------------------------------------
                0.00    0.28      48/48          window_frame_run [20]
[19]     0.8    0.00    0.28      48         window_frame [19]
                0.28    0.00      48/48          window_sq [21]
                0.00    0.00    1219/3879820     rfc_wrap [33]
                0.00    0.00      48/51          io_sync [104]
                0.00    0.00       7/25          io_mem [115]
-----------------------------------------------
                0.00    0.28      48/48          io_exec [18]
[20]     0.8    0.00    0.28      48         window_frame_run [20]
                0.00    0.28      48/48          window_frame [19]
-----------------------------------------------
                             12582864             window_sq [21]
                0.28    0.00      48/48          window_frame [19]
[21]     0.8    0.28    0.00      48+12582864 window_sq [21]
                             12582864             window_sq [21]
-----------------------------------------------
                0.22    0.00 37748736/37748736     spin_183 [3]
[22]     0.6    0.22    0.00 37748736         spin_184 [22]
-----------------------------------------------
                0.00    0.00       3/3483390     WL_FID_U32_READ_GO [78]
                0.00    0.00       6/3483390     WL_FID_U32_READ [73]
                0.00    0.00       9/3483390     WL_FID_STRING_APPEND [70]
                0.00    0.00       9/3483390     WL_FID_SCENE_BUILD [71]
                0.00    0.00     105/3483390     WL_FID____MAIN_OPTIONS_HAS [63]
                0.00    0.00     108/3483390     WL_FID____MAIN_OPTIONS_FLAG [62]
                0.00    0.00     468/3483390     WL_FID_STRING_CMP [54]
                0.00    0.00    6102/3483390     WL_FID____DDA_GRID_PAINT [38]
                0.00    0.00    6102/3483390     WL_FID____DDA_GRID_BUILD_K836 [37]
                0.02    0.07 1731174/3483390     WL_FID____DDA_TREE_PAINT_K518 [26]
                0.02    0.07 1739304/3483390     WL_FID____DDA_TREE_PAINT [10]
[23]     0.5    0.04    0.14 3483390         span_fade [23]
                0.14    0.00 3483390/14306854     term_drop [11]
-----------------------------------------------
                0.02    0.00  524286/4194288     work_loop [8]
                0.14    0.00 3670002/4194288     pool_work [1]
[24]     0.5    0.16    0.00 4194288         WL_FID____DDA_FRAME_SEQ_K432 [24]
-----------------------------------------------
                                                 <spontaneous>
[25]     0.5    0.16    0.00                 _init [25]
-----------------------------------------------
                0.03    0.13 3955038/3955038     work_loop [8]
[26]     0.5    0.03    0.13 3955038         WL_FID____DDA_TREE_PAINT_K518 [26]
                0.02    0.07 1731174/3483390     span_fade [23]
                0.04    0.00 1015248/14306854     term_drop [11]
-----------------------------------------------
                0.02    0.00  524286/4194288     work_loop [8]
                0.12    0.00 3670002/4194288     pool_work [1]
[27]     0.4    0.14    0.01 4194288         WL_FID____DDA_FRAME_SEQ_K433 [27]
                0.01    0.00     774/2886        heap_alloc_miss [34]
-----------------------------------------------
                0.02    0.00 1572864/12582912     work_loop [8]
                0.12    0.00 11010048/12582912     pool_work [1]
[28]     0.4    0.14    0.00 12582912         WL_FID____RENDER_PIXEL_PRESENT [28]
-----------------------------------------------
                0.00    0.00       3/81          io_loop [14]
                0.00    0.07      78/81          io_step [16]
[29]     0.2    0.00    0.07      81         corpus_eval [29]
                0.00    0.07     225/16545       work_loop [8]
                0.00    0.00      96/96          pool_turn [100]
                0.00    0.00      48/48          pool_open [113]
-----------------------------------------------
                0.01    0.06 3955038/3955038     work_loop [8]
[30]     0.2    0.01    0.06 3955038         WL_FID____DDA_TREE_PAINT_K519 [30]
                0.01    0.05 3955038/3955038     spin_220 [31]
-----------------------------------------------
                0.01    0.05 3955038/3955038     WL_FID____DDA_TREE_PAINT_K519 [30]
[31]     0.2    0.01    0.05 3955038         spin_220 [31]
                0.03    0.00 3828828/3879820     rfc_wrap [33]
                0.01    0.00    1347/2886        heap_alloc_miss [34]
                0.00    0.00  120108/14306854     term_drop [11]
-----------------------------------------------
                0.00    0.00   16368/802800      work_loop [8]
                0.02    0.03  786432/802800      pool_work [1]
[32]     0.1    0.02    0.03  802800         WL_FID_IMAGE_FREE [32]
                0.03    0.00  786432/14306854     term_drop [11]
                0.00    0.00      36/846         heap_hand [35]
                0.00    0.00       6/2886        heap_alloc_miss [34]
-----------------------------------------------
                0.00    0.00       3/3879820     WL_FID_MAIN_K1077 [82]
                0.00    0.00      18/3879820     WL_FID____MAIN_OPTIONS_ARGS_K960 [77]
                0.00    0.00      21/3879820     WL_FID_NAT_SHOW_FIN [76]
                0.00    0.00      33/3879820     spin_225 [74]
                0.00    0.00      39/3879820     io_args_run [66]
                0.00    0.00      45/3879820     spin_226 [72]
                0.00    0.00      51/3879820     WL_FID____ATELIER_GENERATE_K539 [65]
                0.00    0.00     111/3879820     spin_227 [69]
                0.00    0.00     126/3879820     WL_FID_STRING_APPEND_K760 [68]
                0.00    0.00     144/3879820     io_str [67]
                0.00    0.00     219/3879820     WL_FID_STRING_CMP [54]
                0.00    0.00     567/3879820     WL_FID_STRING_CMP_K690 [64]
                0.00    0.00    1219/3879820     window_frame [19]
                0.00    0.00    3765/3879820     spin_223 [50]
                0.00    0.00    3849/3879820     spin_224 [45]
                0.00    0.00    4383/3879820     spin_222 [48]
                0.00    0.00    6099/3879820     WL_FID____DDA_TREE_PAINT [10]
                0.00    0.00    6102/3879820     WL_FID____DDA_GRID_BUILD_K836 [37]
                0.00    0.00   11997/3879820     WL_FID____ATELIER_TRANSLATE_K356 [40]
                0.00    0.00   12201/3879820     WL_FID____ATELIER_CUBOIDS_K361 [39]
                0.03    0.00 3828828/3879820     spin_220 [31]
[33]     0.1    0.03    0.00 3879820         rfc_wrap [33]
                0.00    0.00     678/2886        heap_alloc_miss [34]
-----------------------------------------------
                0.00    0.00       3/2886        io_loop [14]
                0.00    0.00       3/2886        io_step [16]
                0.00    0.00       3/2886        spin_222 [48]
                0.00    0.00       3/2886        spin_223 [50]
                0.00    0.00       3/2886        WL_FID_SCENE_DRAW [55]
                0.00    0.00       3/2886        WL_FID____DDA_GRID_BUILD_K836 [37]
                0.00    0.00       3/2886        WL_FID_MAIN_K1078 [59]
                0.00    0.00       3/2886        WL_FID_MAIN_K1082 [60]
                0.00    0.00       3/2886        WL_FID_MAIN_C1119 [58]
                0.00    0.00       3/2886        WL_FID_IO_ARGS [57]
                0.00    0.00       3/2886        WL_FID_IO_NOW [56]
                0.00    0.00       6/2886        spin_224 [45]
                0.00    0.00       6/2886        WL_FID_IMAGE_FREE [32]
                0.00    0.00       6/2886        WL_FID_FRAMES_C408 [51]
                0.00    0.00       6/2886        WL_FID_FRAME_DRAWN_C409 [52]
                0.00    0.00       6/2886        WL_FID_FRAME_DRAWN_C415 [53]
                0.00    0.00      12/2886        WL_FID_FRAME_DRAWN_C412 [43]
                0.00    0.00      12/2886        WL_FID_IO_BIND [42]
                0.00    0.00     678/2886        rfc_wrap [33]
                0.01    0.00     774/2886        WL_FID____DDA_FRAME_SEQ_K433 [27]
                0.01    0.00    1347/2886        spin_220 [31]
[34]     0.1    0.02    0.00    2886         heap_alloc_miss [34]
-----------------------------------------------
                0.00    0.00       6/846         WL_FID_FRAMES_C416 [46]
                0.00    0.00       9/846         WL_FID_ENTER [41]
                0.00    0.00      33/846         WL_FID_CLO_APPLY [36]
                0.00    0.00      36/846         WL_FID_IMAGE_FREE [32]
                0.01    0.00     762/846         term_drop [11]
[35]     0.0    0.01    0.00     846         heap_hand [35]
-----------------------------------------------
                0.00    0.00     258/750         work_loop [8]
                0.00    0.00     492/750         pool_work [1]
[36]     0.0    0.00    0.00     750         WL_FID_CLO_APPLY [36]
                0.00    0.00      33/846         heap_hand [35]
-----------------------------------------------
                0.00    0.00       3/3           work_loop [8]
[37]     0.0    0.00    0.00       3         WL_FID____DDA_GRID_BUILD_K836 [37]
                0.00    0.00    6102/3483390     span_fade [23]
                0.00    0.00    6102/3879820     rfc_wrap [33]
                0.00    0.00       3/2886        heap_alloc_miss [34]
-----------------------------------------------
                0.00    0.00    6105/6105        work_loop [8]
[38]     0.0    0.00    0.00    6105         WL_FID____DDA_GRID_PAINT [38]
                0.00    0.00    6102/3483390     span_fade [23]
-----------------------------------------------
                0.00    0.00    6102/6102        work_loop [8]
[39]     0.0    0.00    0.00    6102         WL_FID____ATELIER_CUBOIDS_K361 [39]
                0.00    0.00   12201/3879820     rfc_wrap [33]
-----------------------------------------------
                0.00    0.00    6003/6003        work_loop [8]
[40]     0.0    0.00    0.00    6003         WL_FID____ATELIER_TRANSLATE_K356 [40]
                0.00    0.00   11997/3879820     rfc_wrap [33]
-----------------------------------------------
                0.00    0.00   16545/82149       work_loop [8]
                0.00    0.00   65604/82149       pool_work [1]
[41]     0.0    0.00    0.00   82149         WL_FID_ENTER [41]
                0.00    0.00       9/846         heap_hand [35]
-----------------------------------------------
                0.00    0.00      48/186         work_loop [8]
                0.00    0.00     138/186         pool_work [1]
[42]     0.0    0.00    0.00     186         WL_FID_IO_BIND [42]
                0.00    0.00      12/2886        heap_alloc_miss [34]
-----------------------------------------------
                0.00    0.00      48/48          pool_work [1]
[43]     0.0    0.00    0.00      48         WL_FID_FRAME_DRAWN_C412 [43]
                0.00    0.00      12/2886        heap_alloc_miss [34]
-----------------------------------------------
                0.00    0.00       3/3           work_loop [8]
[44]     0.0    0.00    0.00       3         WL_FID____ATELIER_GENERATE_K538 [44]
                0.00    0.00       3/3           spin_224 [45]
-----------------------------------------------
                0.00    0.00       3/3           WL_FID____ATELIER_GENERATE_K538 [44]
[45]     0.0    0.00    0.00       3         spin_224 [45]
                0.00    0.00       6/2886        heap_alloc_miss [34]
                0.00    0.00    3849/3879820     rfc_wrap [33]
-----------------------------------------------
                0.00    0.00      48/48          pool_work [1]
[46]     0.0    0.00    0.00      48         WL_FID_FRAMES_C416 [46]
                0.00    0.00       6/846         heap_hand [35]
-----------------------------------------------
                0.00    0.00       3/3           work_loop [8]
[47]     0.0    0.00    0.00       3         WL_FID____ATELIER_GENERATE [47]
                0.00    0.00       3/3           spin_222 [48]
-----------------------------------------------
                0.00    0.00       3/3           WL_FID____ATELIER_GENERATE [47]
[48]     0.0    0.00    0.00       3         spin_222 [48]
                0.00    0.00    4383/3879820     rfc_wrap [33]
                0.00    0.00       3/2886        heap_alloc_miss [34]
-----------------------------------------------
                0.00    0.00       3/3           work_loop [8]
[49]     0.0    0.00    0.00       3         WL_FID____ATELIER_GENERATE_K537 [49]
                0.00    0.00       3/3           spin_223 [50]
-----------------------------------------------
                0.00    0.00       3/3           WL_FID____ATELIER_GENERATE_K537 [49]
[50]     0.0    0.00    0.00       3         spin_223 [50]
                0.00    0.00    3765/3879820     rfc_wrap [33]
                0.00    0.00       3/2886        heap_alloc_miss [34]
-----------------------------------------------
                0.00    0.00       6/48          work_loop [8]
                0.00    0.00      42/48          pool_work [1]
[51]     0.0    0.00    0.00      48         WL_FID_FRAMES_C408 [51]
                0.00    0.00       6/2886        heap_alloc_miss [34]
-----------------------------------------------
                0.00    0.00       6/48          work_loop [8]
                0.00    0.00      42/48          pool_work [1]
[52]     0.0    0.00    0.00      48         WL_FID_FRAME_DRAWN_C409 [52]
                0.00    0.00       6/2886        heap_alloc_miss [34]
-----------------------------------------------
                0.00    0.00      48/48          pool_work [1]
[53]     0.0    0.00    0.00      48         WL_FID_FRAME_DRAWN_C415 [53]
                0.00    0.00       6/2886        heap_alloc_miss [34]
-----------------------------------------------
                0.00    0.00     234/234         work_loop [8]
[54]     0.0    0.00    0.00     234         WL_FID_STRING_CMP [54]
                0.00    0.00     468/3483390     span_fade [23]
                0.00    0.00     219/3879820     rfc_wrap [33]
-----------------------------------------------
                0.00    0.00       6/48          work_loop [8]
                0.00    0.00      42/48          pool_work [1]
[55]     0.0    0.00    0.00      48         WL_FID_SCENE_DRAW [55]
                0.00    0.00       3/2886        heap_alloc_miss [34]
-----------------------------------------------
                0.00    0.00       6/12          work_loop [8]
                0.00    0.00       6/12          pool_work [1]
[56]     0.0    0.00    0.00      12         WL_FID_IO_NOW [56]
                0.00    0.00       3/2886        heap_alloc_miss [34]
-----------------------------------------------
                0.00    0.00       3/3           work_loop [8]
[57]     0.0    0.00    0.00       3         WL_FID_IO_ARGS [57]
                0.00    0.00       3/2886        heap_alloc_miss [34]
-----------------------------------------------
                0.00    0.00       3/3           work_loop [8]
[58]     0.0    0.00    0.00       3         WL_FID_MAIN_C1119 [58]
                0.00    0.00       3/2886        heap_alloc_miss [34]
-----------------------------------------------
                0.00    0.00       3/3           work_loop [8]
[59]     0.0    0.00    0.00       3         WL_FID_MAIN_K1078 [59]
                0.00    0.00       3/2886        heap_alloc_miss [34]
-----------------------------------------------
                0.00    0.00       3/3           work_loop [8]
[60]     0.0    0.00    0.00       3         WL_FID_MAIN_K1082 [60]
                0.00    0.00       3/2886        heap_alloc_miss [34]
-----------------------------------------------
                0.00    0.00     234/234         work_loop [8]
[61]     0.0    0.00    0.00     234         WL_FID_STRING_ORDER_K848 [61]
                0.00    0.00     234/14306854     term_drop [11]
-----------------------------------------------
                0.00    0.00     138/138         work_loop [8]
[62]     0.0    0.00    0.00     138         WL_FID____MAIN_OPTIONS_FLAG [62]
                0.00    0.00     108/3483390     span_fade [23]
                0.00    0.00       6/14306854     term_drop [11]
-----------------------------------------------
                0.00    0.00     120/120         work_loop [8]
[63]     0.0    0.00    0.00     120         WL_FID____MAIN_OPTIONS_HAS [63]
                0.00    0.00     105/3483390     span_fade [23]
-----------------------------------------------
                0.00    0.00     300/300         work_loop [8]
[64]     0.0    0.00    0.00     300         WL_FID_STRING_CMP_K690 [64]
                0.00    0.00     567/3879820     rfc_wrap [33]
-----------------------------------------------
                0.00    0.00       3/3           work_loop [8]
[65]     0.0    0.00    0.00       3         WL_FID____ATELIER_GENERATE_K539 [65]
                0.00    0.00       3/3           spin_227 [69]
                0.00    0.00      51/3879820     rfc_wrap [33]
                0.00    0.00       3/3           spin_226 [72]
                0.00    0.00       3/3           spin_225 [74]
-----------------------------------------------
                0.00    0.00       3/3           io_exec [18]
[66]     0.0    0.00    0.00       3         io_args_run [66]
                0.00    0.00      21/21          io_str [67]
                0.00    0.00      39/3879820     rfc_wrap [33]
-----------------------------------------------
                0.00    0.00      21/21          io_args_run [66]
[67]     0.0    0.00    0.00      21         io_str [67]
                0.00    0.00     144/3879820     rfc_wrap [33]
-----------------------------------------------
                0.00    0.00     126/126         work_loop [8]
[68]     0.0    0.00    0.00     126         WL_FID_STRING_APPEND_K760 [68]
                0.00    0.00     126/3879820     rfc_wrap [33]
-----------------------------------------------
                0.00    0.00       3/3           WL_FID____ATELIER_GENERATE_K539 [65]
[69]     0.0    0.00    0.00       3         spin_227 [69]
                0.00    0.00     111/3879820     rfc_wrap [33]
-----------------------------------------------
                0.00    0.00      18/18          work_loop [8]
[70]     0.0    0.00    0.00      18         WL_FID_STRING_APPEND [70]
                0.00    0.00       9/3483390     span_fade [23]
-----------------------------------------------
                0.00    0.00       3/3           work_loop [8]
[71]     0.0    0.00    0.00       3         WL_FID_SCENE_BUILD [71]
                0.00    0.00       9/3483390     span_fade [23]
                0.00    0.00       9/18          spare_free [118]
-----------------------------------------------
                0.00    0.00       3/3           WL_FID____ATELIER_GENERATE_K539 [65]
[72]     0.0    0.00    0.00       3         spin_226 [72]
                0.00    0.00      45/3879820     rfc_wrap [33]
-----------------------------------------------
                0.00    0.00       9/9           work_loop [8]
[73]     0.0    0.00    0.00       9         WL_FID_U32_READ [73]
                0.00    0.00       6/3483390     span_fade [23]
-----------------------------------------------
                0.00    0.00       3/3           WL_FID____ATELIER_GENERATE_K539 [65]
[74]     0.0    0.00    0.00       3         spin_225 [74]
                0.00    0.00      33/3879820     rfc_wrap [33]
-----------------------------------------------
                0.00    0.00      48/48          work_loop [8]
[75]     0.0    0.00    0.00      48         WL_FID_FRAME_DRAWN_C410 [75]
                0.00    0.00       7/14306854     term_drop [11]
-----------------------------------------------
                0.00    0.00       9/9           work_loop [8]
[76]     0.0    0.00    0.00       9         WL_FID_NAT_SHOW_FIN [76]
                0.00    0.00      21/3879820     rfc_wrap [33]
-----------------------------------------------
                0.00    0.00      21/21          work_loop [8]
[77]     0.0    0.00    0.00      21         WL_FID____MAIN_OPTIONS_ARGS_K960 [77]
                0.00    0.00      18/3879820     rfc_wrap [33]
-----------------------------------------------
                0.00    0.00       9/9           work_loop [8]
[78]     0.0    0.00    0.00       9         WL_FID_U32_READ_GO [78]
                0.00    0.00       3/3483390     span_fade [23]
-----------------------------------------------
                0.00    0.00       3/3           work_loop [8]
[79]     0.0    0.00    0.00       3         WL_FID_MAIN_C1179 [79]
                0.00    0.00       3/14306854     term_drop [11]
-----------------------------------------------
                0.00    0.00       3/3           work_loop [8]
[80]     0.0    0.00    0.00       3         WL_FID_SCENE_BUILD_K774 [80]
                0.00    0.00       3/3           spin_237 [81]
-----------------------------------------------
                0.00    0.00       3/3           WL_FID_SCENE_BUILD_K774 [80]
[81]     0.0    0.00    0.00       3         spin_237 [81]
                0.00    0.00       3/14306854     term_drop [11]
                0.00    0.00      90/90          spin_5 [101]
                0.00    0.00      15/15          spin_75 [119]
                0.00    0.00      15/15          spin_83 [120]
-----------------------------------------------
                0.00    0.00       3/3           work_loop [8]
[82]     0.0    0.00    0.00       3         WL_FID_MAIN_K1077 [82]
                0.00    0.00       3/3879820     rfc_wrap [33]
-----------------------------------------------
                0.00    0.00  262128/262128      pool_work [1]
[83]     0.0    0.00    0.00  262128         WL_FID_IMAGE_FREE_J71 [83]
-----------------------------------------------
                0.00    0.00  245760/245760      pool_work [1]
[84]     0.0    0.00    0.00  245760         WL_FID_IMAGE_FREE_K71 [84]
-----------------------------------------------
                0.00    0.00  245760/245760      pool_work [1]
[85]     0.0    0.00    0.00  245760         WL_FID_IMAGE_FREE_K72 [85]
-----------------------------------------------
                0.00    0.00  245760/245760      pool_work [1]
[86]     0.0    0.00    0.00  245760         WL_FID_IMAGE_FREE_K73 [86]
-----------------------------------------------
                0.00    0.00  245760/245760      pool_work [1]
[87]     0.0    0.00    0.00  245760         WL_FID_IMAGE_FREE_K74 [87]
-----------------------------------------------
                0.00    0.00     171/65973       work_loop [8]
                0.00    0.00   65802/65973       pool_work [1]
[88]     0.0    0.00    0.00   65973         WL_FID_EXIT [88]
-----------------------------------------------
                0.00    0.00    6102/6102        work_loop [8]
[89]     0.0    0.00    0.00    6102         WL_FID____DDA_GRID_PAINT_K671 [89]
-----------------------------------------------
                0.00    0.00     900/900         spin_84 [102]
[90]     0.0    0.00    0.00     900         spin_86 [90]
-----------------------------------------------
                0.00    0.00     234/234         work_loop [8]
[91]     0.0    0.00    0.00     234         WL_FID_STRING_EQ [91]
-----------------------------------------------
                0.00    0.00     234/234         work_loop [8]
[92]     0.0    0.00    0.00     234         WL_FID_STRING_EQ_K949 [92]
-----------------------------------------------
                0.00    0.00     234/234         work_loop [8]
[93]     0.0    0.00    0.00     234         WL_FID_STRING_ORDER [93]
-----------------------------------------------
                0.00    0.00      84/186         work_loop [8]
                0.00    0.00     102/186         pool_work [1]
[94]     0.0    0.00    0.00     186         WL_FID_IO_BIND_C1072 [94]
-----------------------------------------------
                0.00    0.00      36/186         work_loop [8]
                0.00    0.00     150/186         pool_work [1]
[95]     0.0    0.00    0.00     186         WL_FID_IO_BIND_K1073 [95]
-----------------------------------------------
                0.00    0.00     117/117         work_loop [8]
[96]     0.0    0.00    0.00     117         WL_FID____MAIN_OPTIONS_FLAG_K954 [96]
-----------------------------------------------
                0.00    0.00      12/114         work_loop [8]
                0.00    0.00     102/114         pool_work [1]
[97]     0.0    0.00    0.00     114         WL_FID_IO_PURE [97]
-----------------------------------------------
                0.00    0.00     105/105         work_loop [8]
[98]     0.0    0.00    0.00     105         WL_FID____MAIN_OPTIONS_HAS_K957 [98]
-----------------------------------------------
                0.00    0.00     105/105         work_loop [8]
[99]     0.0    0.00    0.00     105         WL_FID____MAIN_OPTIONS_HAS_K958 [99]
-----------------------------------------------
                0.00    0.00      96/96          corpus_eval [29]
[100]    0.0    0.00    0.00      96         pool_turn [100]
-----------------------------------------------
                0.00    0.00      90/90          spin_237 [81]
[101]    0.0    0.00    0.00      90         spin_5 [101]
-----------------------------------------------
                0.00    0.00      90/90          spin_83 [120]
[102]    0.0    0.00    0.00      90         spin_84 [102]
                0.00    0.00     900/900         spin_86 [90]
-----------------------------------------------
                0.00    0.00       6/54          work_loop [8]
                0.00    0.00      48/54          pool_work [1]
[103]    0.0    0.00    0.00      54         WL_FID_FRAMES [103]
-----------------------------------------------
                0.00    0.00       3/51          main [15]
                0.00    0.00      48/51          window_frame [19]
[104]    0.0    0.00    0.00      51         io_sync [104]
-----------------------------------------------
                0.00    0.00       6/48          work_loop [8]
                0.00    0.00      42/48          pool_work [1]
[105]    0.0    0.00    0.00      48         WL_FID_FRAMES_K407 [105]
-----------------------------------------------
                0.00    0.00      48/48          pool_work [1]
[106]    0.0    0.00    0.00      48         WL_FID_FRAME_DRAWN_C413 [106]
-----------------------------------------------
                0.00    0.00      48/48          pool_work [1]
[107]    0.0    0.00    0.00      48         WL_FID_FRAME_DRAWN_C414 [107]
-----------------------------------------------
                0.00    0.00      48/48          pool_work [1]
[108]    0.0    0.00    0.00      48         WL_FID_FRAME_DRAWN_K411 [108]
-----------------------------------------------
                0.00    0.00      48/48          work_loop [8]
[109]    0.0    0.00    0.00      48         WL_FID_IMAGE_DROP [109]
-----------------------------------------------
                0.00    0.00       6/48          work_loop [8]
                0.00    0.00      42/48          pool_work [1]
[110]    0.0    0.00    0.00      48         WL_FID_SCENE_DRAW_K762 [110]
-----------------------------------------------
                0.00    0.00       6/48          work_loop [8]
                0.00    0.00      42/48          pool_work [1]
[111]    0.0    0.00    0.00      48         WL_FID_WINDOW_FRAME [111]
-----------------------------------------------
                0.00    0.00       6/48          work_loop [8]
                0.00    0.00      42/48          pool_work [1]
[112]    0.0    0.00    0.00      48         WL_FID____DDA_FRAME_FORK [112]
-----------------------------------------------
                0.00    0.00      48/48          corpus_eval [29]
[113]    0.0    0.00    0.00      48         pool_open [113]
-----------------------------------------------
                0.00    0.00      27/27          work_loop [8]
[114]    0.0    0.00    0.00      27         WL_FID_U32_POW_K673 [114]
-----------------------------------------------
                0.00    0.00       3/25          io_spawn [208]
                0.00    0.00       6/25          window_open_run [211]
                0.00    0.00       7/25          window_frame [19]
                0.00    0.00       9/25          io_cbuf [127]
[115]    0.0    0.00    0.00      25         io_mem [115]
-----------------------------------------------
                0.00    0.00      18/18          work_loop [8]
[116]    0.0    0.00    0.00      18         WL_FID____ATELIER_ASSEMBLIES_K541 [116]
-----------------------------------------------
                0.00    0.00      18/18          work_loop [8]
[117]    0.0    0.00    0.00      18         WL_FID____ATELIER_CUBOIDS [117]
-----------------------------------------------
                0.00    0.00       9/18          WL_FID_SCENE_BUILD [71]
                0.00    0.00       9/18          spin_250 [209]
[118]    0.0    0.00    0.00      18         spare_free [118]
-----------------------------------------------
                0.00    0.00      15/15          spin_237 [81]
[119]    0.0    0.00    0.00      15         spin_75 [119]
-----------------------------------------------
                0.00    0.00      15/15          spin_237 [81]
[120]    0.0    0.00    0.00      15         spin_83 [120]
                0.00    0.00      90/90          spin_84 [102]
-----------------------------------------------
                0.00    0.00      12/12          work_loop [8]
[121]    0.0    0.00    0.00      12         WL_FID____MAIN_OPTIONS_NUMBER [121]
-----------------------------------------------
                0.00    0.00      12/12          io_exec [18]
[122]    0.0    0.00    0.00      12         io_now_run [122]
-----------------------------------------------
                0.00    0.00      12/12          io_print_run [133]
[123]    0.0    0.00    0.00      12         io_out [123]
-----------------------------------------------
                0.00    0.00       9/9           work_loop [8]
[124]    0.0    0.00    0.00       9         WL_FID_NAT_SHOW [124]
-----------------------------------------------
                0.00    0.00       9/9           work_loop [8]
[125]    0.0    0.00    0.00       9         WL_FID____ATELIER_TRANSLATE [125]
-----------------------------------------------
                0.00    0.00       9/9           work_loop [8]
[126]    0.0    0.00    0.00       9         WL_FID____MAIN_OPTIONS_NUMBER_K947 [126]
-----------------------------------------------
                0.00    0.00       3/9           window_open_run [211]
                0.00    0.00       6/9           io_print_run [133]
[127]    0.0    0.00    0.00       9         io_cbuf [127]
                0.00    0.00       9/25          io_mem [115]
-----------------------------------------------
                0.00    0.00       6/6           pool_work [1]
[128]    0.0    0.00    0.00       6         WL_FID_FRAMES_C406 [128]
-----------------------------------------------
                0.00    0.00       6/6           work_loop [8]
[129]    0.0    0.00    0.00       6         WL_FID_IO_PRINT [129]
-----------------------------------------------
                0.00    0.00       6/6           work_loop [8]
[130]    0.0    0.00    0.00       6         WL_FID_REQUIRE_C511 [130]
-----------------------------------------------
                0.00    0.00       6/6           work_loop [8]
[131]    0.0    0.00    0.00       6         WL_FID____MAIN_OPTIONS_DEPTH [131]
-----------------------------------------------
                0.00    0.00       6/6           work_loop [8]
[132]    0.0    0.00    0.00       6         WL_FID____MAIN_OPTIONS_DEPTH_K856 [132]
-----------------------------------------------
                0.00    0.00       6/6           io_exec [18]
[133]    0.0    0.00    0.00       6         io_print_run [133]
                0.00    0.00      12/12          io_out [123]
                0.00    0.00       6/9           io_cbuf [127]
-----------------------------------------------
                0.00    0.00       3/6           io_loop [14]
                0.00    0.00       3/6           pool_work [1]
[134]    0.0    0.00    0.00       6         pool_stack [134]
-----------------------------------------------
                0.00    0.00       3/3           work_loop [8]
[135]    0.0    0.00    0.00       3         WL_FID_BODY [135]
-----------------------------------------------
                0.00    0.00       3/3           work_loop [8]
[136]    0.0    0.00    0.00       3         WL_FID_IO_EMIT [136]
-----------------------------------------------
                0.00    0.00       3/3           work_loop [8]
[137]    0.0    0.00    0.00       3         WL_FID_IO_PASS_C465 [137]
-----------------------------------------------
                0.00    0.00       3/3           work_loop [8]
[138]    0.0    0.00    0.00       3         WL_FID_IO_TRY_C552 [138]
-----------------------------------------------
                0.00    0.00       3/3           work_loop [8]
[139]    0.0    0.00    0.00       3         WL_FID_IO_TRY_C553 [139]
-----------------------------------------------
                0.00    0.00       3/3           work_loop [8]
[140]    0.0    0.00    0.00       3         WL_FID_MAIN [140]
-----------------------------------------------
                0.00    0.00       3/3           work_loop [8]
[141]    0.0    0.00    0.00       3         WL_FID_MAIN_C1075 [141]
-----------------------------------------------
                0.00    0.00       3/3           work_loop [8]
[142]    0.0    0.00    0.00       3         WL_FID_MAIN_C1076 [142]
-----------------------------------------------
                0.00    0.00       3/3           work_loop [8]
[143]    0.0    0.00    0.00       3         WL_FID_MAIN_C1085 [143]
-----------------------------------------------
                0.00    0.00       3/3           work_loop [8]
[144]    0.0    0.00    0.00       3         WL_FID_MAIN_C1086 [144]
-----------------------------------------------
                0.00    0.00       3/3           work_loop [8]
[145]    0.0    0.00    0.00       3         WL_FID_MAIN_C1089 [145]
-----------------------------------------------
                0.00    0.00       3/3           work_loop [8]
[146]    0.0    0.00    0.00       3         WL_FID_MAIN_C1090 [146]
-----------------------------------------------
                0.00    0.00       3/3           work_loop [8]
[147]    0.0    0.00    0.00       3         WL_FID_MAIN_C1118 [147]
-----------------------------------------------
                0.00    0.00       3/3           work_loop [8]
[148]    0.0    0.00    0.00       3         WL_FID_MAIN_C1121 [148]
-----------------------------------------------
                0.00    0.00       3/3           work_loop [8]
[149]    0.0    0.00    0.00       3         WL_FID_MAIN_C1122 [149]
-----------------------------------------------
                0.00    0.00       3/3           work_loop [8]
[150]    0.0    0.00    0.00       3         WL_FID_MAIN_C1123 [150]
-----------------------------------------------
                0.00    0.00       3/3           work_loop [8]
[151]    0.0    0.00    0.00       3         WL_FID_MAIN_C1124 [151]
-----------------------------------------------
                0.00    0.00       3/3           work_loop [8]
[152]    0.0    0.00    0.00       3         WL_FID_MAIN_C1125 [152]
-----------------------------------------------
                0.00    0.00       3/3           work_loop [8]
[153]    0.0    0.00    0.00       3         WL_FID_MAIN_C1130 [153]
-----------------------------------------------
                0.00    0.00       3/3           work_loop [8]
[154]    0.0    0.00    0.00       3         WL_FID_MAIN_C1131 [154]
-----------------------------------------------
                0.00    0.00       3/3           work_loop [8]
[155]    0.0    0.00    0.00       3         WL_FID_MAIN_C1168 [155]
-----------------------------------------------
                0.00    0.00       3/3           work_loop [8]
[156]    0.0    0.00    0.00       3         WL_FID_MAIN_C1169 [156]
-----------------------------------------------
                0.00    0.00       3/3           work_loop [8]
[157]    0.0    0.00    0.00       3         WL_FID_MAIN_C1171 [157]
-----------------------------------------------
                0.00    0.00       3/3           pool_work [1]
[158]    0.0    0.00    0.00       3         WL_FID_MAIN_C1172 [158]
-----------------------------------------------
                0.00    0.00       3/3           pool_work [1]
[159]    0.0    0.00    0.00       3         WL_FID_MAIN_C1173 [159]
-----------------------------------------------
                0.00    0.00       3/3           work_loop [8]
[160]    0.0    0.00    0.00       3         WL_FID_MAIN_C1174 [160]
-----------------------------------------------
                0.00    0.00       3/3           work_loop [8]
[161]    0.0    0.00    0.00       3         WL_FID_MAIN_C1176 [161]
-----------------------------------------------
                0.00    0.00       3/3           pool_work [1]
[162]    0.0    0.00    0.00       3         WL_FID_MAIN_C1177 [162]
-----------------------------------------------
                0.00    0.00       3/3           pool_work [1]
[163]    0.0    0.00    0.00       3         WL_FID_MAIN_C1178 [163]
-----------------------------------------------
                0.00    0.00       3/3           work_loop [8]
[164]    0.0    0.00    0.00       3         WL_FID_MAIN_C1180 [164]
-----------------------------------------------
                0.00    0.00       3/3           work_loop [8]
[165]    0.0    0.00    0.00       3         WL_FID_MAIN_C1181 [165]
-----------------------------------------------
                0.00    0.00       3/3           work_loop [8]
[166]    0.0    0.00    0.00       3         WL_FID_MAIN_K1079 [166]
-----------------------------------------------
                0.00    0.00       3/3           work_loop [8]
[167]    0.0    0.00    0.00       3         WL_FID_MAIN_K1080 [167]
-----------------------------------------------
                0.00    0.00       3/3           work_loop [8]
[168]    0.0    0.00    0.00       3         WL_FID_MAIN_K1081 [168]
-----------------------------------------------
                0.00    0.00       3/3           work_loop [8]
[169]    0.0    0.00    0.00       3         WL_FID_MAIN_K1083 [169]
-----------------------------------------------
                0.00    0.00       3/3           work_loop [8]
[170]    0.0    0.00    0.00       3         WL_FID_MAIN_K1084 [170]
-----------------------------------------------
                0.00    0.00       3/3           work_loop [8]
[171]    0.0    0.00    0.00       3         WL_FID_MAIN_K1087 [171]
-----------------------------------------------
                0.00    0.00       3/3           work_loop [8]
[172]    0.0    0.00    0.00       3         WL_FID_MAIN_K1088 [172]
-----------------------------------------------
                0.00    0.00       3/3           work_loop [8]
[173]    0.0    0.00    0.00       3         WL_FID_MAIN_K1091 [173]
-----------------------------------------------
                0.00    0.00       3/3           work_loop [8]
[174]    0.0    0.00    0.00       3         WL_FID_MAIN_K1092 [174]
-----------------------------------------------
                0.00    0.00       3/3           work_loop [8]
[175]    0.0    0.00    0.00       3         WL_FID_MAIN_K1093 [175]
-----------------------------------------------
                0.00    0.00       3/3           work_loop [8]
[176]    0.0    0.00    0.00       3         WL_FID_MAIN_K1094 [176]
-----------------------------------------------
                0.00    0.00       3/3           work_loop [8]
[177]    0.0    0.00    0.00       3         WL_FID_MAIN_K1095 [177]
-----------------------------------------------
                0.00    0.00       3/3           work_loop [8]
[178]    0.0    0.00    0.00       3         WL_FID_MAIN_K1096 [178]
-----------------------------------------------
                0.00    0.00       3/3           work_loop [8]
[179]    0.0    0.00    0.00       3         WL_FID_MAIN_K1097 [179]
-----------------------------------------------
                0.00    0.00       3/3           work_loop [8]
[180]    0.0    0.00    0.00       3         WL_FID_MAIN_K1098 [180]
-----------------------------------------------
                0.00    0.00       3/3           work_loop [8]
[181]    0.0    0.00    0.00       3         WL_FID_MAIN_K1099 [181]
                0.00    0.00       3/3           spin_250 [209]
-----------------------------------------------
                0.00    0.00       3/3           work_loop [8]
[182]    0.0    0.00    0.00       3         WL_FID_MAIN_K1120 [182]
-----------------------------------------------
                0.00    0.00       3/3           work_loop [8]
[183]    0.0    0.00    0.00       3         WL_FID_MAIN_K1126 [183]
-----------------------------------------------
                0.00    0.00       3/3           work_loop [8]
[184]    0.0    0.00    0.00       3         WL_FID_MAIN_K1127 [184]
-----------------------------------------------
                0.00    0.00       3/3           work_loop [8]
[185]    0.0    0.00    0.00       3         WL_FID_MAIN_K1128 [185]
-----------------------------------------------
                0.00    0.00       3/3           work_loop [8]
[186]    0.0    0.00    0.00       3         WL_FID_MAIN_K1129 [186]
-----------------------------------------------
                0.00    0.00       3/3           work_loop [8]
[187]    0.0    0.00    0.00       3         WL_FID_MAIN_K1132 [187]
-----------------------------------------------
                0.00    0.00       3/3           work_loop [8]
[188]    0.0    0.00    0.00       3         WL_FID_MAIN_K1133 [188]
-----------------------------------------------
                0.00    0.00       3/3           work_loop [8]
[189]    0.0    0.00    0.00       3         WL_FID_MAIN_K1134 [189]
-----------------------------------------------
                0.00    0.00       3/3           work_loop [8]
[190]    0.0    0.00    0.00       3         WL_FID_MAIN_K1170 [190]
-----------------------------------------------
                0.00    0.00       3/3           work_loop [8]
[191]    0.0    0.00    0.00       3         WL_FID_MAIN_K1175 [191]
-----------------------------------------------
                0.00    0.00       3/3           work_loop [8]
[192]    0.0    0.00    0.00       3         WL_FID_MAIN_K1182 [192]
-----------------------------------------------
                0.00    0.00       3/3           work_loop [8]
[193]    0.0    0.00    0.00       3         WL_FID_MAIN_K1183 [193]
-----------------------------------------------
                0.00    0.00       3/3           work_loop [8]
[194]    0.0    0.00    0.00       3         WL_FID_MAIN_K1184 [194]
-----------------------------------------------
                0.00    0.00       3/3           work_loop [8]
[195]    0.0    0.00    0.00       3         WL_FID_MAIN_K1185 [195]
-----------------------------------------------
                0.00    0.00       3/3           work_loop [8]
[196]    0.0    0.00    0.00       3         WL_FID_MAIN_K1186 [196]
-----------------------------------------------
                0.00    0.00       3/3           work_loop [8]
[197]    0.0    0.00    0.00       3         WL_FID_U32_POW [197]
-----------------------------------------------
                0.00    0.00       3/3           work_loop [8]
[198]    0.0    0.00    0.00       3         WL_FID_WINDOW_CLOSE [198]
-----------------------------------------------
                0.00    0.00       3/3           work_loop [8]
[199]    0.0    0.00    0.00       3         WL_FID_WINDOW_OPEN [199]
-----------------------------------------------
                0.00    0.00       3/3           work_loop [8]
[200]    0.0    0.00    0.00       3         WL_FID____ATELIER_ASSEMBLIES [200]
-----------------------------------------------
                0.00    0.00       3/3           work_loop [8]
[201]    0.0    0.00    0.00       3         WL_FID____ATELIER_BODY [201]
-----------------------------------------------
                0.00    0.00       3/3           work_loop [8]
[202]    0.0    0.00    0.00       3         WL_FID____ATELIER_BODY_K694 [202]
-----------------------------------------------
                0.00    0.00       3/3           work_loop [8]
[203]    0.0    0.00    0.00       3         WL_FID____ATELIER_BODY_K695 [203]
-----------------------------------------------
                0.00    0.00       3/3           work_loop [8]
[204]    0.0    0.00    0.00       3         WL_FID____DDA_GRID_BUILD [204]
-----------------------------------------------
                0.00    0.00       3/3           work_loop [8]
[205]    0.0    0.00    0.00       3         WL_FID____DDA_GRID_BUILD_K837 [205]
-----------------------------------------------
                0.00    0.00       3/3           work_loop [8]
[206]    0.0    0.00    0.00       3         WL_FID____MAIN_OPTIONS_ARGS [206]
-----------------------------------------------
                0.00    0.00       3/3           spin_250 [209]
[207]    0.0    0.00    0.00       3         ctr_take [207]
-----------------------------------------------
                0.00    0.00       3/3           io_loop [14]
[208]    0.0    0.00    0.00       3         io_spawn [208]
                0.00    0.00       3/25          io_mem [115]
-----------------------------------------------
                0.00    0.00       3/3           WL_FID_MAIN_K1099 [181]
[209]    0.0    0.00    0.00       3         spin_250 [209]
                0.00    0.00       9/18          spare_free [118]
                0.00    0.00       3/3           ctr_take [207]
-----------------------------------------------
                0.00    0.00       3/3           io_exec [18]
[210]    0.0    0.00    0.00       3         window_close_run [210]
-----------------------------------------------
                0.00    0.00       3/3           io_exec [18]
[211]    0.0    0.00    0.00       3         window_open_run [211]
                0.00    0.00       6/25          io_mem [115]
                0.00    0.00       3/9           io_cbuf [127]
-----------------------------------------------

Index by function name

 [135] WL_FID_BODY (candidate.c) [171] WL_FID_MAIN_K1087 (candidate.c) [38] WL_FID____DDA_GRID_PAINT (candidate.c)
  [36] WL_FID_CLO_APPLY (candidate.c) [172] WL_FID_MAIN_K1088 (candidate.c) [89] WL_FID____DDA_GRID_PAINT_K671 (candidate.c)
  [41] WL_FID_ENTER (candidate.c) [173] WL_FID_MAIN_K1091 (candidate.c) [10] WL_FID____DDA_TREE_PAINT (candidate.c)
  [88] WL_FID_EXIT (candidate.c) [174] WL_FID_MAIN_K1092 (candidate.c) [26] WL_FID____DDA_TREE_PAINT_K518 (candidate.c)
 [103] WL_FID_FRAMES (candidate.c) [175] WL_FID_MAIN_K1093 (candidate.c) [30] WL_FID____DDA_TREE_PAINT_K519 (candidate.c)
 [128] WL_FID_FRAMES_C406 (candidate.c) [176] WL_FID_MAIN_K1094 (candidate.c) [206] WL_FID____MAIN_OPTIONS_ARGS (candidate.c)
  [51] WL_FID_FRAMES_C408 (candidate.c) [177] WL_FID_MAIN_K1095 (candidate.c) [77] WL_FID____MAIN_OPTIONS_ARGS_K960 (candidate.c)
  [46] WL_FID_FRAMES_C416 (candidate.c) [178] WL_FID_MAIN_K1096 (candidate.c) [131] WL_FID____MAIN_OPTIONS_DEPTH (candidate.c)
 [105] WL_FID_FRAMES_K407 (candidate.c) [179] WL_FID_MAIN_K1097 (candidate.c) [132] WL_FID____MAIN_OPTIONS_DEPTH_K856 (candidate.c)
  [52] WL_FID_FRAME_DRAWN_C409 (candidate.c) [180] WL_FID_MAIN_K1098 (candidate.c) [62] WL_FID____MAIN_OPTIONS_FLAG (candidate.c)
  [75] WL_FID_FRAME_DRAWN_C410 (candidate.c) [181] WL_FID_MAIN_K1099 (candidate.c) [96] WL_FID____MAIN_OPTIONS_FLAG_K954 (candidate.c)
  [43] WL_FID_FRAME_DRAWN_C412 (candidate.c) [182] WL_FID_MAIN_K1120 (candidate.c) [63] WL_FID____MAIN_OPTIONS_HAS (candidate.c)
 [106] WL_FID_FRAME_DRAWN_C413 (candidate.c) [183] WL_FID_MAIN_K1126 (candidate.c) [98] WL_FID____MAIN_OPTIONS_HAS_K957 (candidate.c)
 [107] WL_FID_FRAME_DRAWN_C414 (candidate.c) [184] WL_FID_MAIN_K1127 (candidate.c) [99] WL_FID____MAIN_OPTIONS_HAS_K958 (candidate.c)
  [53] WL_FID_FRAME_DRAWN_C415 (candidate.c) [185] WL_FID_MAIN_K1128 (candidate.c) [121] WL_FID____MAIN_OPTIONS_NUMBER (candidate.c)
 [108] WL_FID_FRAME_DRAWN_K411 (candidate.c) [186] WL_FID_MAIN_K1129 (candidate.c) [126] WL_FID____MAIN_OPTIONS_NUMBER_K947 (candidate.c)
 [109] WL_FID_IMAGE_DROP (candidate.c) [187] WL_FID_MAIN_K1132 (candidate.c) [28] WL_FID____RENDER_PIXEL_PRESENT (candidate.c)
  [32] WL_FID_IMAGE_FREE (candidate.c) [188] WL_FID_MAIN_K1133 (candidate.c) [25] _init
  [83] WL_FID_IMAGE_FREE_J71 (candidate.c) [189] WL_FID_MAIN_K1134 (candidate.c) [29] corpus_eval (candidate.c)
  [84] WL_FID_IMAGE_FREE_K71 (candidate.c) [190] WL_FID_MAIN_K1170 (candidate.c) [207] ctr_take (candidate.c)
  [85] WL_FID_IMAGE_FREE_K72 (candidate.c) [191] WL_FID_MAIN_K1175 (candidate.c) [34] heap_alloc_miss (candidate.c)
  [86] WL_FID_IMAGE_FREE_K73 (candidate.c) [192] WL_FID_MAIN_K1182 (candidate.c) [35] heap_hand (candidate.c)
  [87] WL_FID_IMAGE_FREE_K74 (candidate.c) [193] WL_FID_MAIN_K1183 (candidate.c) [66] io_args_run
  [57] WL_FID_IO_ARGS (candidate.c) [194] WL_FID_MAIN_K1184 (candidate.c) [127] io_cbuf (candidate.c)
  [42] WL_FID_IO_BIND (candidate.c) [195] WL_FID_MAIN_K1185 (candidate.c) [18] io_exec (candidate.c)
  [94] WL_FID_IO_BIND_C1072 (candidate.c) [196] WL_FID_MAIN_K1186 (candidate.c) [14] io_loop (candidate.c)
  [95] WL_FID_IO_BIND_K1073 (candidate.c) [124] WL_FID_NAT_SHOW (candidate.c) [115] io_mem (candidate.c)
 [136] WL_FID_IO_EMIT (candidate.c) [76] WL_FID_NAT_SHOW_FIN (candidate.c) [122] io_now_run
  [56] WL_FID_IO_NOW (candidate.c) [130] WL_FID_REQUIRE_C511 (candidate.c) [123] io_out (candidate.c)
 [137] WL_FID_IO_PASS_C465 (candidate.c) [71] WL_FID_SCENE_BUILD (candidate.c) [133] io_print_run
 [129] WL_FID_IO_PRINT (candidate.c) [80] WL_FID_SCENE_BUILD_K774 (candidate.c) [208] io_spawn (candidate.c)
  [97] WL_FID_IO_PURE (candidate.c) [55] WL_FID_SCENE_DRAW (candidate.c) [16] io_step (candidate.c)
 [138] WL_FID_IO_TRY_C552 (candidate.c) [110] WL_FID_SCENE_DRAW_K762 (candidate.c) [67] io_str (candidate.c)
 [139] WL_FID_IO_TRY_C553 (candidate.c) [70] WL_FID_STRING_APPEND (candidate.c) [104] io_sync (candidate.c)
 [140] WL_FID_MAIN (candidate.c) [68] WL_FID_STRING_APPEND_K760 (candidate.c) [9] monk_step (candidate.c)
 [141] WL_FID_MAIN_C1075 (candidate.c) [54] WL_FID_STRING_CMP (candidate.c) [113] pool_open (candidate.c)
 [142] WL_FID_MAIN_C1076 (candidate.c) [64] WL_FID_STRING_CMP_K690 (candidate.c) [134] pool_stack (candidate.c)
 [143] WL_FID_MAIN_C1085 (candidate.c) [91] WL_FID_STRING_EQ (candidate.c) [100] pool_turn (candidate.c)
 [144] WL_FID_MAIN_C1086 (candidate.c) [92] WL_FID_STRING_EQ_K949 (candidate.c) [33] rfc_wrap (candidate.c)
 [145] WL_FID_MAIN_C1089 (candidate.c) [93] WL_FID_STRING_ORDER (candidate.c) [23] span_fade (candidate.c)
 [146] WL_FID_MAIN_C1090 (candidate.c) [61] WL_FID_STRING_ORDER_K848 (candidate.c) [118] spare_free (candidate.c)
 [147] WL_FID_MAIN_C1118 (candidate.c) [197] WL_FID_U32_POW (candidate.c) [6] spin_101 (candidate.c)
  [58] WL_FID_MAIN_C1119 (candidate.c) [114] WL_FID_U32_POW_K673 (candidate.c) [5] spin_104 (candidate.c)
 [148] WL_FID_MAIN_C1121 (candidate.c) [73] WL_FID_U32_READ (candidate.c) [4] spin_143 (candidate.c)
 [149] WL_FID_MAIN_C1122 (candidate.c) [78] WL_FID_U32_READ_GO (candidate.c) [12] spin_163 (candidate.c)
 [150] WL_FID_MAIN_C1123 (candidate.c) [198] WL_FID_WINDOW_CLOSE (candidate.c) [3] spin_183 (candidate.c)
 [151] WL_FID_MAIN_C1124 (candidate.c) [111] WL_FID_WINDOW_FRAME (candidate.c) [22] spin_184 (candidate.c)
 [152] WL_FID_MAIN_C1125 (candidate.c) [199] WL_FID_WINDOW_OPEN (candidate.c) [31] spin_220 (candidate.c)
 [153] WL_FID_MAIN_C1130 (candidate.c) [200] WL_FID____ATELIER_ASSEMBLIES (candidate.c) [48] spin_222 (candidate.c)
 [154] WL_FID_MAIN_C1131 (candidate.c) [116] WL_FID____ATELIER_ASSEMBLIES_K541 (candidate.c) [50] spin_223 (candidate.c)
 [155] WL_FID_MAIN_C1168 (candidate.c) [201] WL_FID____ATELIER_BODY (candidate.c) [45] spin_224 (candidate.c)
 [156] WL_FID_MAIN_C1169 (candidate.c) [202] WL_FID____ATELIER_BODY_K694 (candidate.c) [74] spin_225 (candidate.c)
 [157] WL_FID_MAIN_C1171 (candidate.c) [203] WL_FID____ATELIER_BODY_K695 (candidate.c) [72] spin_226 (candidate.c)
 [158] WL_FID_MAIN_C1172 (candidate.c) [117] WL_FID____ATELIER_CUBOIDS (candidate.c) [69] spin_227 (candidate.c)
 [159] WL_FID_MAIN_C1173 (candidate.c) [39] WL_FID____ATELIER_CUBOIDS_K361 (candidate.c) [81] spin_237 (candidate.c)
 [160] WL_FID_MAIN_C1174 (candidate.c) [47] WL_FID____ATELIER_GENERATE (candidate.c) [209] spin_250 (candidate.c)
 [161] WL_FID_MAIN_C1176 (candidate.c) [49] WL_FID____ATELIER_GENERATE_K537 (candidate.c) [101] spin_5 (candidate.c)
 [162] WL_FID_MAIN_C1177 (candidate.c) [44] WL_FID____ATELIER_GENERATE_K538 (candidate.c) [7] spin_62 (candidate.c)
 [163] WL_FID_MAIN_C1178 (candidate.c) [65] WL_FID____ATELIER_GENERATE_K539 (candidate.c) [119] spin_75 (candidate.c)
  [79] WL_FID_MAIN_C1179 (candidate.c) [125] WL_FID____ATELIER_TRANSLATE (candidate.c) [120] spin_83 (candidate.c)
 [164] WL_FID_MAIN_C1180 (candidate.c) [40] WL_FID____ATELIER_TRANSLATE_K356 (candidate.c) [102] spin_84 (candidate.c)
 [165] WL_FID_MAIN_C1181 (candidate.c) [112] WL_FID____DDA_FRAME_FORK (candidate.c) [90] spin_86 (candidate.c)
  [82] WL_FID_MAIN_K1077 (candidate.c) [2] WL_FID____DDA_FRAME_SEQ (candidate.c) [11] term_drop (candidate.c)
  [59] WL_FID_MAIN_K1078 (candidate.c) [13] WL_FID____DDA_FRAME_SEQ_K430 (candidate.c) [210] window_close_run
 [166] WL_FID_MAIN_K1079 (candidate.c) [17] WL_FID____DDA_FRAME_SEQ_K431 (candidate.c) [19] window_frame (candidate.c)
 [167] WL_FID_MAIN_K1080 (candidate.c) [24] WL_FID____DDA_FRAME_SEQ_K432 (candidate.c) [20] window_frame_run
 [168] WL_FID_MAIN_K1081 (candidate.c) [27] WL_FID____DDA_FRAME_SEQ_K433 (candidate.c) [211] window_open_run
  [60] WL_FID_MAIN_K1082 (candidate.c) [204] WL_FID____DDA_GRID_BUILD (candidate.c) [21] window_sq (candidate.c)
 [169] WL_FID_MAIN_K1083 (candidate.c) [37] WL_FID____DDA_GRID_BUILD_K836 (candidate.c) [8] work_loop (candidate.c)
 [170] WL_FID_MAIN_K1084 (candidate.c) [205] WL_FID____DDA_GRID_BUILD_K837 (candidate.c)
